_step,_runtime,bootstrap_iter,_timestamp,ft_eval_acc,ft_loss,ft_acc,lr,epochs,batch_size,input_size,model_type,n_way_test,n_way_train,tgt_dataset,src_datasets,fixed_support,samples_per_class,num_total_episodes,num_bootstrap_iters,exp_name
0,2.7529382705688477,0.0,1736328614.7646053,,,,0.001,1,16,40x40,PrototypicalNetwork,5,5,Egyptian,miniImageNet_SOTA_trainSet,False,10,4000,2,exp1_permuted_src_datasets
1,251.2354497909546,0.0,1736328863.2471168,0.8017999985218048,,,0.001,1,16,40x40,PrototypicalNetwork,5,5,Egyptian,miniImageNet_SOTA_trainSet,False,10,4000,2,exp1_permuted_src_datasets
2,251.30702829360962,0.0,1736328863.3186953,,1.7475570440292358,0.7749999761581421,0.001,1,16,40x40,PrototypicalNetwork,5,5,Egyptian,miniImageNet_SOTA_trainSet,False,10,4000,2,exp1_permuted_src_datasets
3,251.39399433135986,0.0,1736328863.4056613,,0.8963711857795715,0.8999999761581421,0.001,1,16,40x40,PrototypicalNetwork,5,5,Egyptian,miniImageNet_SOTA_trainSet,False,10,4000,2,exp1_permuted_src_datasets
4,251.4780683517456,0.0,1736328863.4897354,,0.5740163922309875,0.9375,0.001,1,16,40x40,PrototypicalNetwork,5,5,Egyptian,miniImageNet_SOTA_trainSet,False,10,4000,2,exp1_permuted_src_datasets
5,251.57013416290283,0.0,1736328863.5818012,,0.7130836248397827,0.8999999761581421,0.001,1,16,40x40,PrototypicalNetwork,5,5,Egyptian,miniImageNet_SOTA_trainSet,False,10,4000,2,exp1_permuted_src_datasets
6,251.6647002696991,0.0,1736328863.6763673,,0.13901330530643463,0.9375,0.001,1,16,40x40,PrototypicalNetwork,5,5,Egyptian,miniImageNet_SOTA_trainSet,False,10,4000,2,exp1_permuted_src_datasets
7,251.7577576637268,0.0,1736328863.7694247,,0.13015402853488922,0.987500011920929,0.001,1,16,40x40,PrototypicalNetwork,5,5,Egyptian,miniImageNet_SOTA_trainSet,False,10,4000,2,exp1_permuted_src_datasets
8,251.85081815719604,0.0,1736328863.8624852,,0.15246286988258362,0.9624999761581421,0.001,1,16,40x40,PrototypicalNetwork,5,5,Egyptian,miniImageNet_SOTA_trainSet,False,10,4000,2,exp1_permuted_src_datasets
9,251.97248768806458,0.0,1736328863.9841547,,0.12453705072402954,0.9624999761581421,0.001,1,16,40x40,PrototypicalNetwork,5,5,Egyptian,miniImageNet_SOTA_trainSet,False,10,4000,2,exp1_permuted_src_datasets
10,252.07505750656128,0.0,1736328864.0867245,,0.00792869832366705,1.0,0.001,1,16,40x40,PrototypicalNetwork,5,5,Egyptian,miniImageNet_SOTA_trainSet,False,10,4000,2,exp1_permuted_src_datasets
11,252.18428659439087,0.0,1736328864.1959536,,0.0007151832105591893,1.0,0.001,1,16,40x40,PrototypicalNetwork,5,5,Egyptian,miniImageNet_SOTA_trainSet,False,10,4000,2,exp1_permuted_src_datasets
12,252.26574206352234,0.0,1736328864.277409,,0.0023652012459933758,1.0,0.001,1,16,40x40,PrototypicalNetwork,5,5,Egyptian,miniImageNet_SOTA_trainSet,False,10,4000,2,exp1_permuted_src_datasets
13,252.34908628463745,0.0,1736328864.3607533,,0.0003029420622624457,1.0,0.001,1,16,40x40,PrototypicalNetwork,5,5,Egyptian,miniImageNet_SOTA_trainSet,False,10,4000,2,exp1_permuted_src_datasets
14,252.4359052181244,0.0,1736328864.4475722,,0.0002850173623301089,1.0,0.001,1,16,40x40,PrototypicalNetwork,5,5,Egyptian,miniImageNet_SOTA_trainSet,False,10,4000,2,exp1_permuted_src_datasets
15,252.52201080322266,0.0,1736328864.5336778,,0.0004311332886572927,1.0,0.001,1,16,40x40,PrototypicalNetwork,5,5,Egyptian,miniImageNet_SOTA_trainSet,False,10,4000,2,exp1_permuted_src_datasets
16,252.61903071403503,0.0,1736328864.6306977,,0.00107232213485986,1.0,0.001,1,16,40x40,PrototypicalNetwork,5,5,Egyptian,miniImageNet_SOTA_trainSet,False,10,4000,2,exp1_permuted_src_datasets
17,252.71745824813843,0.0,1736328864.7291253,,0.0018006482860073447,1.0,0.001,1,16,40x40,PrototypicalNetwork,5,5,Egyptian,miniImageNet_SOTA_trainSet,False,10,4000,2,exp1_permuted_src_datasets
18,252.80255913734436,0.0,1736328864.8142262,,0.0019937842153012753,1.0,0.001,1,16,40x40,PrototypicalNetwork,5,5,Egyptian,miniImageNet_SOTA_trainSet,False,10,4000,2,exp1_permuted_src_datasets
19,252.90967226028442,0.0,1736328864.9213393,,0.0003998749307356775,1.0,0.001,1,16,40x40,PrototypicalNetwork,5,5,Egyptian,miniImageNet_SOTA_trainSet,False,10,4000,2,exp1_permuted_src_datasets
20,252.99532866477966,0.0,1736328865.0069957,,0.0019265750888735056,1.0,0.001,1,16,40x40,PrototypicalNetwork,5,5,Egyptian,miniImageNet_SOTA_trainSet,False,10,4000,2,exp1_permuted_src_datasets
21,253.0800096988678,0.0,1736328865.0916767,,0.0004429121036082506,1.0,0.001,1,16,40x40,PrototypicalNetwork,5,5,Egyptian,miniImageNet_SOTA_trainSet,False,10,4000,2,exp1_permuted_src_datasets
22,253.17624163627625,0.0,1736328865.1879086,,0.00043485156493261456,1.0,0.001,1,16,40x40,PrototypicalNetwork,5,5,Egyptian,miniImageNet_SOTA_trainSet,False,10,4000,2,exp1_permuted_src_datasets
23,253.26517057418823,0.0,1736328865.2768376,,0.00016104179667308927,1.0,0.001,1,16,40x40,PrototypicalNetwork,5,5,Egyptian,miniImageNet_SOTA_trainSet,False,10,4000,2,exp1_permuted_src_datasets
24,253.36001777648926,0.0,1736328865.3716848,,0.0006672872113995254,1.0,0.001,1,16,40x40,PrototypicalNetwork,5,5,Egyptian,miniImageNet_SOTA_trainSet,False,10,4000,2,exp1_permuted_src_datasets
25,253.45149731636047,0.0,1736328865.4631643,,0.0019461909541860223,1.0,0.001,1,16,40x40,PrototypicalNetwork,5,5,Egyptian,miniImageNet_SOTA_trainSet,False,10,4000,2,exp1_permuted_src_datasets
26,253.54832792282104,0.0,1736328865.559995,,0.000187468045623973,1.0,0.001,1,16,40x40,PrototypicalNetwork,5,5,Egyptian,miniImageNet_SOTA_trainSet,False,10,4000,2,exp1_permuted_src_datasets
27,253.64608764648438,0.0,1736328865.6577547,,0.0004285614413674921,1.0,0.001,1,16,40x40,PrototypicalNetwork,5,5,Egyptian,miniImageNet_SOTA_trainSet,False,10,4000,2,exp1_permuted_src_datasets
28,253.7359733581543,0.0,1736328865.7476404,,0.000859537161886692,1.0,0.001,1,16,40x40,PrototypicalNetwork,5,5,Egyptian,miniImageNet_SOTA_trainSet,False,10,4000,2,exp1_permuted_src_datasets
29,253.8178629875183,0.0,1736328865.82953,,0.001062751398421824,1.0,0.001,1,16,40x40,PrototypicalNetwork,5,5,Egyptian,miniImageNet_SOTA_trainSet,False,10,4000,2,exp1_permuted_src_datasets
30,253.90206289291382,0.0,1736328865.91373,,0.0009780938271433115,1.0,0.001,1,16,40x40,PrototypicalNetwork,5,5,Egyptian,miniImageNet_SOTA_trainSet,False,10,4000,2,exp1_permuted_src_datasets
31,253.99763655662537,0.0,1736328866.0093036,,0.000673151109367609,1.0,0.001,1,16,40x40,PrototypicalNetwork,5,5,Egyptian,miniImageNet_SOTA_trainSet,False,10,4000,2,exp1_permuted_src_datasets
32,254.10175395011902,0.0,1736328866.113421,,0.0004950613947585225,1.0,0.001,1,16,40x40,PrototypicalNetwork,5,5,Egyptian,miniImageNet_SOTA_trainSet,False,10,4000,2,exp1_permuted_src_datasets
33,254.19322729110718,0.0,1736328866.2048943,,0.0003239703073631972,1.0,0.001,1,16,40x40,PrototypicalNetwork,5,5,Egyptian,miniImageNet_SOTA_trainSet,False,10,4000,2,exp1_permuted_src_datasets
34,254.31358861923218,0.0,1736328866.3252556,,0.0003567267267499119,1.0,0.001,1,16,40x40,PrototypicalNetwork,5,5,Egyptian,miniImageNet_SOTA_trainSet,False,10,4000,2,exp1_permuted_src_datasets
35,254.41926908493042,0.0,1736328866.430936,,0.0002826393465511501,1.0,0.001,1,16,40x40,PrototypicalNetwork,5,5,Egyptian,miniImageNet_SOTA_trainSet,False,10,4000,2,exp1_permuted_src_datasets
36,254.51228046417236,0.0,1736328866.5239475,,0.0003791007329709828,1.0,0.001,1,16,40x40,PrototypicalNetwork,5,5,Egyptian,miniImageNet_SOTA_trainSet,False,10,4000,2,exp1_permuted_src_datasets
37,254.63015747070312,0.0,1736328866.6418245,,0.0002683393540792167,1.0,0.001,1,16,40x40,PrototypicalNetwork,5,5,Egyptian,miniImageNet_SOTA_trainSet,False,10,4000,2,exp1_permuted_src_datasets
38,254.71454310417175,0.0,1736328866.72621,,0.003072713501751423,1.0,0.001,1,16,40x40,PrototypicalNetwork,5,5,Egyptian,miniImageNet_SOTA_trainSet,False,10,4000,2,exp1_permuted_src_datasets
39,254.80107378959656,0.0,1736328866.8127408,,0.0003038393333554268,1.0,0.001,1,16,40x40,PrototypicalNetwork,5,5,Egyptian,miniImageNet_SOTA_trainSet,False,10,4000,2,exp1_permuted_src_datasets
40,254.89856600761414,0.0,1736328866.910233,,0.000710045569576323,1.0,0.001,1,16,40x40,PrototypicalNetwork,5,5,Egyptian,miniImageNet_SOTA_trainSet,False,10,4000,2,exp1_permuted_src_datasets
41,254.98041081428528,0.0,1736328866.9920778,,0.00011266169894952327,1.0,0.001,1,16,40x40,PrototypicalNetwork,5,5,Egyptian,miniImageNet_SOTA_trainSet,False,10,4000,2,exp1_permuted_src_datasets
42,255.06743574142456,0.0,1736328867.0791028,,0.001027756603434682,1.0,0.001,1,16,40x40,PrototypicalNetwork,5,5,Egyptian,miniImageNet_SOTA_trainSet,False,10,4000,2,exp1_permuted_src_datasets
43,255.1562888622284,0.0,1736328867.1679559,,0.00014664536865893751,1.0,0.001,1,16,40x40,PrototypicalNetwork,5,5,Egyptian,miniImageNet_SOTA_trainSet,False,10,4000,2,exp1_permuted_src_datasets
44,255.23947954177856,0.0,1736328867.2511466,,0.0009535124409012496,1.0,0.001,1,16,40x40,PrototypicalNetwork,5,5,Egyptian,miniImageNet_SOTA_trainSet,False,10,4000,2,exp1_permuted_src_datasets
45,255.33477115631104,0.0,1736328867.3464382,,0.00010994500189553946,1.0,0.001,1,16,40x40,PrototypicalNetwork,5,5,Egyptian,miniImageNet_SOTA_trainSet,False,10,4000,2,exp1_permuted_src_datasets
46,255.42013692855835,0.0,1736328867.431804,,0.00029503676341846585,1.0,0.001,1,16,40x40,PrototypicalNetwork,5,5,Egyptian,miniImageNet_SOTA_trainSet,False,10,4000,2,exp1_permuted_src_datasets
47,255.5116469860077,0.0,1736328867.523314,,0.00024206796661019325,1.0,0.001,1,16,40x40,PrototypicalNetwork,5,5,Egyptian,miniImageNet_SOTA_trainSet,False,10,4000,2,exp1_permuted_src_datasets
48,255.64370894432068,0.0,1736328867.655376,,0.000133794907014817,1.0,0.001,1,16,40x40,PrototypicalNetwork,5,5,Egyptian,miniImageNet_SOTA_trainSet,False,10,4000,2,exp1_permuted_src_datasets
49,255.73879861831665,0.0,1736328867.7504656,,0.00017479929374530911,1.0,0.001,1,16,40x40,PrototypicalNetwork,5,5,Egyptian,miniImageNet_SOTA_trainSet,False,10,4000,2,exp1_permuted_src_datasets
50,255.82425999641418,0.0,1736328867.835927,,0.00012405547022353858,1.0,0.001,1,16,40x40,PrototypicalNetwork,5,5,Egyptian,miniImageNet_SOTA_trainSet,False,10,4000,2,exp1_permuted_src_datasets
51,255.9283788204193,0.0,1736328867.9400458,,0.00040912473923526704,1.0,0.001,1,16,40x40,PrototypicalNetwork,5,5,Egyptian,miniImageNet_SOTA_trainSet,False,10,4000,2,exp1_permuted_src_datasets
52,256.0122284889221,0.0,1736328868.0238955,,0.0006804770091548562,1.0,0.001,1,16,40x40,PrototypicalNetwork,5,5,Egyptian,miniImageNet_SOTA_trainSet,False,10,4000,2,exp1_permuted_src_datasets
53,256.1136269569397,0.0,1736328868.125294,,0.00011893441842403263,1.0,0.001,1,16,40x40,PrototypicalNetwork,5,5,Egyptian,miniImageNet_SOTA_trainSet,False,10,4000,2,exp1_permuted_src_datasets
54,256.19786405563354,0.0,1736328868.209531,,0.00020078275701962411,1.0,0.001,1,16,40x40,PrototypicalNetwork,5,5,Egyptian,miniImageNet_SOTA_trainSet,False,10,4000,2,exp1_permuted_src_datasets
55,256.3122763633728,0.0,1736328868.3239434,,0.00013335827679838985,1.0,0.001,1,16,40x40,PrototypicalNetwork,5,5,Egyptian,miniImageNet_SOTA_trainSet,False,10,4000,2,exp1_permuted_src_datasets
56,256.40597772598267,0.0,1736328868.4176447,,0.00027521097217686474,1.0,0.001,1,16,40x40,PrototypicalNetwork,5,5,Egyptian,miniImageNet_SOTA_trainSet,False,10,4000,2,exp1_permuted_src_datasets
57,256.49074840545654,0.0,1736328868.5024154,,0.00010061485227197409,1.0,0.001,1,16,40x40,PrototypicalNetwork,5,5,Egyptian,miniImageNet_SOTA_trainSet,False,10,4000,2,exp1_permuted_src_datasets
58,256.57409024238586,0.0,1736328868.5857573,,0.00010397368168924004,1.0,0.001,1,16,40x40,PrototypicalNetwork,5,5,Egyptian,miniImageNet_SOTA_trainSet,False,10,4000,2,exp1_permuted_src_datasets
59,256.6685552597046,0.0,1736328868.6802223,,9.998324094340205e-05,1.0,0.001,1,16,40x40,PrototypicalNetwork,5,5,Egyptian,miniImageNet_SOTA_trainSet,False,10,4000,2,exp1_permuted_src_datasets
60,256.785142660141,0.0,1736328868.7968097,,0.00019474825239740312,1.0,0.001,1,16,40x40,PrototypicalNetwork,5,5,Egyptian,miniImageNet_SOTA_trainSet,False,10,4000,2,exp1_permuted_src_datasets
61,256.8896884918213,0.0,1736328868.9013555,,8.740217162994668e-05,1.0,0.001,1,16,40x40,PrototypicalNetwork,5,5,Egyptian,miniImageNet_SOTA_trainSet,False,10,4000,2,exp1_permuted_src_datasets
62,256.9992718696594,0.0,1736328869.010939,,0.0003171131538692862,1.0,0.001,1,16,40x40,PrototypicalNetwork,5,5,Egyptian,miniImageNet_SOTA_trainSet,False,10,4000,2,exp1_permuted_src_datasets
63,257.08760476112366,0.0,1736328869.0992718,,0.00013758402201347053,1.0,0.001,1,16,40x40,PrototypicalNetwork,5,5,Egyptian,miniImageNet_SOTA_trainSet,False,10,4000,2,exp1_permuted_src_datasets
64,512.450989484787,0.0,1736329124.4626565,0.8657999999523163,,,0.001,1,16,40x40,PrototypicalNetwork,5,5,Egyptian,miniImageNet_SOTA_trainSet,False,10,4000,2,exp1_permuted_src_datasets
65,512.5442178249359,0.0,1736329124.5558848,,0.00011339443881297484,1.0,0.001,1,16,40x40,PrototypicalNetwork,5,5,Egyptian,miniImageNet_SOTA_trainSet,False,10,4000,2,exp1_permuted_src_datasets
66,512.6504511833191,0.0,1736329124.6621182,,0.00021318127983249724,1.0,0.001,1,16,40x40,PrototypicalNetwork,5,5,Egyptian,miniImageNet_SOTA_trainSet,False,10,4000,2,exp1_permuted_src_datasets
67,512.7358639240265,0.0,1736329124.747531,,0.0002913514035753906,1.0,0.001,1,16,40x40,PrototypicalNetwork,5,5,Egyptian,miniImageNet_SOTA_trainSet,False,10,4000,2,exp1_permuted_src_datasets
68,512.8216965198517,0.0,1736329124.8333635,,0.00016693402722012252,1.0,0.001,1,16,40x40,PrototypicalNetwork,5,5,Egyptian,miniImageNet_SOTA_trainSet,False,10,4000,2,exp1_permuted_src_datasets
69,512.908784866333,0.0,1736329124.9204519,,0.00017242853937204927,1.0,0.001,1,16,40x40,PrototypicalNetwork,5,5,Egyptian,miniImageNet_SOTA_trainSet,False,10,4000,2,exp1_permuted_src_datasets
70,512.9925637245178,0.0,1736329125.0042307,,0.0004170579486526549,1.0,0.001,1,16,40x40,PrototypicalNetwork,5,5,Egyptian,miniImageNet_SOTA_trainSet,False,10,4000,2,exp1_permuted_src_datasets
71,513.0866661071777,0.0,1736329125.0983331,,8.230240928241983e-05,1.0,0.001,1,16,40x40,PrototypicalNetwork,5,5,Egyptian,miniImageNet_SOTA_trainSet,False,10,4000,2,exp1_permuted_src_datasets
72,513.1752145290375,0.0,1736329125.1868815,,0.00012952725228387862,1.0,0.001,1,16,40x40,PrototypicalNetwork,5,5,Egyptian,miniImageNet_SOTA_trainSet,False,10,4000,2,exp1_permuted_src_datasets
73,513.2563984394073,0.0,1736329125.2680655,,0.0001307140482822433,1.0,0.001,1,16,40x40,PrototypicalNetwork,5,5,Egyptian,miniImageNet_SOTA_trainSet,False,10,4000,2,exp1_permuted_src_datasets
74,513.3446130752563,0.0,1736329125.35628,,7.080240175127983e-05,1.0,0.001,1,16,40x40,PrototypicalNetwork,5,5,Egyptian,miniImageNet_SOTA_trainSet,False,10,4000,2,exp1_permuted_src_datasets
75,513.4650359153748,0.0,1736329125.476703,,3.393261431483552e-05,1.0,0.001,1,16,40x40,PrototypicalNetwork,5,5,Egyptian,miniImageNet_SOTA_trainSet,False,10,4000,2,exp1_permuted_src_datasets
76,513.5645320415497,0.0,1736329125.576199,,9.247219713870436e-05,1.0,0.001,1,16,40x40,PrototypicalNetwork,5,5,Egyptian,miniImageNet_SOTA_trainSet,False,10,4000,2,exp1_permuted_src_datasets
77,513.6829328536987,0.0,1736329125.6945999,,0.00015801400877535343,1.0,0.001,1,16,40x40,PrototypicalNetwork,5,5,Egyptian,miniImageNet_SOTA_trainSet,False,10,4000,2,exp1_permuted_src_datasets
78,513.7789306640625,0.0,1736329125.7905977,,0.00015226297546178102,1.0,0.001,1,16,40x40,PrototypicalNetwork,5,5,Egyptian,miniImageNet_SOTA_trainSet,False,10,4000,2,exp1_permuted_src_datasets
79,513.8850996494293,0.0,1736329125.8967667,,0.00018148875096812844,1.0,0.001,1,16,40x40,PrototypicalNetwork,5,5,Egyptian,miniImageNet_SOTA_trainSet,False,10,4000,2,exp1_permuted_src_datasets
80,513.9824042320251,0.0,1736329125.9940712,,0.0003863883321173489,1.0,0.001,1,16,40x40,PrototypicalNetwork,5,5,Egyptian,miniImageNet_SOTA_trainSet,False,10,4000,2,exp1_permuted_src_datasets
81,514.0654940605164,0.0,1736329126.077161,,0.00011362104123691097,1.0,0.001,1,16,40x40,PrototypicalNetwork,5,5,Egyptian,miniImageNet_SOTA_trainSet,False,10,4000,2,exp1_permuted_src_datasets
82,514.157482624054,0.0,1736329126.1691496,,0.00015015553799457848,1.0,0.001,1,16,40x40,PrototypicalNetwork,5,5,Egyptian,miniImageNet_SOTA_trainSet,False,10,4000,2,exp1_permuted_src_datasets
83,514.2463693618774,0.0,1736329126.2580364,,6.559750909218565e-05,1.0,0.001,1,16,40x40,PrototypicalNetwork,5,5,Egyptian,miniImageNet_SOTA_trainSet,False,10,4000,2,exp1_permuted_src_datasets
84,514.3672573566437,0.0,1736329126.3789244,,0.00020181751460768282,1.0,0.001,1,16,40x40,PrototypicalNetwork,5,5,Egyptian,miniImageNet_SOTA_trainSet,False,10,4000,2,exp1_permuted_src_datasets
85,514.4661345481873,0.0,1736329126.4778016,,0.00011491139593999833,1.0,0.001,1,16,40x40,PrototypicalNetwork,5,5,Egyptian,miniImageNet_SOTA_trainSet,False,10,4000,2,exp1_permuted_src_datasets
86,514.5574145317078,0.0,1736329126.5690815,,0.00011781445937231183,1.0,0.001,1,16,40x40,PrototypicalNetwork,5,5,Egyptian,miniImageNet_SOTA_trainSet,False,10,4000,2,exp1_permuted_src_datasets
87,514.6612114906311,0.0,1736329126.6728785,,6.229754944797605e-05,1.0,0.001,1,16,40x40,PrototypicalNetwork,5,5,Egyptian,miniImageNet_SOTA_trainSet,False,10,4000,2,exp1_permuted_src_datasets
88,514.7654206752777,0.0,1736329126.7770877,,0.00014012832252774388,1.0,0.001,1,16,40x40,PrototypicalNetwork,5,5,Egyptian,miniImageNet_SOTA_trainSet,False,10,4000,2,exp1_permuted_src_datasets
89,514.8679077625275,0.0,1736329126.8795748,,0.00016991574375424534,1.0,0.001,1,16,40x40,PrototypicalNetwork,5,5,Egyptian,miniImageNet_SOTA_trainSet,False,10,4000,2,exp1_permuted_src_datasets
90,514.9579071998596,0.0,1736329126.9695742,,0.00016354964463971555,1.0,0.001,1,16,40x40,PrototypicalNetwork,5,5,Egyptian,miniImageNet_SOTA_trainSet,False,10,4000,2,exp1_permuted_src_datasets
91,515.053108215332,0.0,1736329127.0647752,,0.00015791459009051323,1.0,0.001,1,16,40x40,PrototypicalNetwork,5,5,Egyptian,miniImageNet_SOTA_trainSet,False,10,4000,2,exp1_permuted_src_datasets
92,515.1364877223969,0.0,1736329127.1481547,,7.138412911444902e-05,1.0,0.001,1,16,40x40,PrototypicalNetwork,5,5,Egyptian,miniImageNet_SOTA_trainSet,False,10,4000,2,exp1_permuted_src_datasets
93,515.2221944332123,0.0,1736329127.2338614,,0.00016481190687045455,1.0,0.001,1,16,40x40,PrototypicalNetwork,5,5,Egyptian,miniImageNet_SOTA_trainSet,False,10,4000,2,exp1_permuted_src_datasets
94,515.3070209026337,0.0,1736329127.318688,,0.00011104748409707099,1.0,0.001,1,16,40x40,PrototypicalNetwork,5,5,Egyptian,miniImageNet_SOTA_trainSet,False,10,4000,2,exp1_permuted_src_datasets
95,515.3952152729034,0.0,1736329127.4068823,,0.00013552792370319366,1.0,0.001,1,16,40x40,PrototypicalNetwork,5,5,Egyptian,miniImageNet_SOTA_trainSet,False,10,4000,2,exp1_permuted_src_datasets
96,515.4801115989685,0.0,1736329127.4917786,,3.660443326225504e-05,1.0,0.001,1,16,40x40,PrototypicalNetwork,5,5,Egyptian,miniImageNet_SOTA_trainSet,False,10,4000,2,exp1_permuted_src_datasets
97,515.5667185783386,0.0,1736329127.5783856,,0.0002221912582172081,1.0,0.001,1,16,40x40,PrototypicalNetwork,5,5,Egyptian,miniImageNet_SOTA_trainSet,False,10,4000,2,exp1_permuted_src_datasets
98,515.6513571739197,0.0,1736329127.6630242,,5.598071220447309e-05,1.0,0.001,1,16,40x40,PrototypicalNetwork,5,5,Egyptian,miniImageNet_SOTA_trainSet,False,10,4000,2,exp1_permuted_src_datasets
99,515.7391753196716,0.0,1736329127.7508423,,8.673680713400245e-05,1.0,0.001,1,16,40x40,PrototypicalNetwork,5,5,Egyptian,miniImageNet_SOTA_trainSet,False,10,4000,2,exp1_permuted_src_datasets
100,515.8425116539001,0.0,1736329127.8541787,,0.00010292528895661235,1.0,0.001,1,16,40x40,PrototypicalNetwork,5,5,Egyptian,miniImageNet_SOTA_trainSet,False,10,4000,2,exp1_permuted_src_datasets
101,515.9360315799713,0.0,1736329127.9476986,,6.143921200418845e-05,1.0,0.001,1,16,40x40,PrototypicalNetwork,5,5,Egyptian,miniImageNet_SOTA_trainSet,False,10,4000,2,exp1_permuted_src_datasets
102,516.0180468559265,0.0,1736329128.0297139,,3.6372086469782516e-05,1.0,0.001,1,16,40x40,PrototypicalNetwork,5,5,Egyptian,miniImageNet_SOTA_trainSet,False,10,4000,2,exp1_permuted_src_datasets
103,516.1364088058472,0.0,1736329128.1480758,,5.3698615374742076e-05,1.0,0.001,1,16,40x40,PrototypicalNetwork,5,5,Egyptian,miniImageNet_SOTA_trainSet,False,10,4000,2,exp1_permuted_src_datasets
104,516.2246243953705,0.0,1736329128.2362914,,4.4639979023486376e-05,1.0,0.001,1,16,40x40,PrototypicalNetwork,5,5,Egyptian,miniImageNet_SOTA_trainSet,False,10,4000,2,exp1_permuted_src_datasets
105,516.3119919300079,0.0,1736329128.323659,,0.00011770137643907219,1.0,0.001,1,16,40x40,PrototypicalNetwork,5,5,Egyptian,miniImageNet_SOTA_trainSet,False,10,4000,2,exp1_permuted_src_datasets
106,516.3948669433594,0.0,1736329128.406534,,6.117259908933192e-05,1.0,0.001,1,16,40x40,PrototypicalNetwork,5,5,Egyptian,miniImageNet_SOTA_trainSet,False,10,4000,2,exp1_permuted_src_datasets
107,516.4780883789062,0.0,1736329128.4897554,,5.060480907559395e-05,1.0,0.001,1,16,40x40,PrototypicalNetwork,5,5,Egyptian,miniImageNet_SOTA_trainSet,False,10,4000,2,exp1_permuted_src_datasets
108,516.5630073547363,0.0,1736329128.5746744,,6.0141417634440586e-05,1.0,0.001,1,16,40x40,PrototypicalNetwork,5,5,Egyptian,miniImageNet_SOTA_trainSet,False,10,4000,2,exp1_permuted_src_datasets
109,516.6474211215973,0.0,1736329128.6590881,,5.286443047225475e-05,1.0,0.001,1,16,40x40,PrototypicalNetwork,5,5,Egyptian,miniImageNet_SOTA_trainSet,False,10,4000,2,exp1_permuted_src_datasets
110,516.7353491783142,0.0,1736329128.7470162,,6.372719508362934e-05,1.0,0.001,1,16,40x40,PrototypicalNetwork,5,5,Egyptian,miniImageNet_SOTA_trainSet,False,10,4000,2,exp1_permuted_src_datasets
111,516.8268387317657,0.0,1736329128.8385057,,7.920709322206676e-05,1.0,0.001,1,16,40x40,PrototypicalNetwork,5,5,Egyptian,miniImageNet_SOTA_trainSet,False,10,4000,2,exp1_permuted_src_datasets
112,516.9508476257324,0.0,1736329128.9625146,,6.275407213252038e-05,1.0,0.001,1,16,40x40,PrototypicalNetwork,5,5,Egyptian,miniImageNet_SOTA_trainSet,False,10,4000,2,exp1_permuted_src_datasets
113,517.0556509494781,0.0,1736329129.067318,,8.738695032661781e-05,1.0,0.001,1,16,40x40,PrototypicalNetwork,5,5,Egyptian,miniImageNet_SOTA_trainSet,False,10,4000,2,exp1_permuted_src_datasets
114,517.142272233963,0.0,1736329129.1539392,,6.066937203286216e-05,1.0,0.001,1,16,40x40,PrototypicalNetwork,5,5,Egyptian,miniImageNet_SOTA_trainSet,False,10,4000,2,exp1_permuted_src_datasets
115,517.226993560791,0.0,1736329129.2386606,,6.378804391715676e-05,1.0,0.001,1,16,40x40,PrototypicalNetwork,5,5,Egyptian,miniImageNet_SOTA_trainSet,False,10,4000,2,exp1_permuted_src_datasets
116,517.3165516853333,0.0,1736329129.3282187,,0.00010163946717511863,1.0,0.001,1,16,40x40,PrototypicalNetwork,5,5,Egyptian,miniImageNet_SOTA_trainSet,False,10,4000,2,exp1_permuted_src_datasets
117,517.4005181789398,0.0,1736329129.4121852,,5.297956522554159e-05,1.0,0.001,1,16,40x40,PrototypicalNetwork,5,5,Egyptian,miniImageNet_SOTA_trainSet,False,10,4000,2,exp1_permuted_src_datasets
118,517.5034947395325,0.0,1736329129.5151618,,1.922654701047577e-05,1.0,0.001,1,16,40x40,PrototypicalNetwork,5,5,Egyptian,miniImageNet_SOTA_trainSet,False,10,4000,2,exp1_permuted_src_datasets
119,517.588730096817,0.0,1736329129.600397,,0.00011351393914083019,1.0,0.001,1,16,40x40,PrototypicalNetwork,5,5,Egyptian,miniImageNet_SOTA_trainSet,False,10,4000,2,exp1_permuted_src_datasets
120,517.6906502246857,0.0,1736329129.7023172,,3.186840331181884e-05,1.0,0.001,1,16,40x40,PrototypicalNetwork,5,5,Egyptian,miniImageNet_SOTA_trainSet,False,10,4000,2,exp1_permuted_src_datasets
121,517.7848224639893,0.0,1736329129.7964895,,0.0001290161453653127,1.0,0.001,1,16,40x40,PrototypicalNetwork,5,5,Egyptian,miniImageNet_SOTA_trainSet,False,10,4000,2,exp1_permuted_src_datasets
122,517.8808486461639,0.0,1736329129.8925157,,3.0854891519993544e-05,1.0,0.001,1,16,40x40,PrototypicalNetwork,5,5,Egyptian,miniImageNet_SOTA_trainSet,False,10,4000,2,exp1_permuted_src_datasets
123,517.9867737293243,0.0,1736329129.9984407,,0.00015398567484226078,1.0,0.001,1,16,40x40,PrototypicalNetwork,5,5,Egyptian,miniImageNet_SOTA_trainSet,False,10,4000,2,exp1_permuted_src_datasets
124,518.0757329463959,0.0,1736329130.0874,,7.757407729513943e-05,1.0,0.001,1,16,40x40,PrototypicalNetwork,5,5,Egyptian,miniImageNet_SOTA_trainSet,False,10,4000,2,exp1_permuted_src_datasets
125,518.1704180240631,0.0,1736329130.182085,,5.6331286032218486e-05,1.0,0.001,1,16,40x40,PrototypicalNetwork,5,5,Egyptian,miniImageNet_SOTA_trainSet,False,10,4000,2,exp1_permuted_src_datasets
126,518.2936737537384,0.0,1736329130.3053408,,0.00014587106124963611,1.0,0.001,1,16,40x40,PrototypicalNetwork,5,5,Egyptian,miniImageNet_SOTA_trainSet,False,10,4000,2,exp1_permuted_src_datasets
127,772.4960279464722,0.0,1736329384.507695,0.868349999666214,,,0.001,1,16,40x40,PrototypicalNetwork,5,5,Egyptian,miniImageNet_SOTA_trainSet,False,10,4000,2,exp1_permuted_src_datasets
128,772.5811116695404,0.0,1736329384.5927787,,6.126045627752319e-05,1.0,0.001,1,16,40x40,PrototypicalNetwork,5,5,Egyptian,miniImageNet_SOTA_trainSet,False,10,4000,2,exp1_permuted_src_datasets
129,772.6986594200134,0.0,1736329384.7103264,,7.532515883212909e-05,1.0,0.001,1,16,40x40,PrototypicalNetwork,5,5,Egyptian,miniImageNet_SOTA_trainSet,False,10,4000,2,exp1_permuted_src_datasets
130,772.8024108409882,0.0,1736329384.8140779,,5.82160719204694e-05,1.0,0.001,1,16,40x40,PrototypicalNetwork,5,5,Egyptian,miniImageNet_SOTA_trainSet,False,10,4000,2,exp1_permuted_src_datasets
131,772.8906018733978,0.0,1736329384.902269,,7.465141970897093e-05,1.0,0.001,1,16,40x40,PrototypicalNetwork,5,5,Egyptian,miniImageNet_SOTA_trainSet,False,10,4000,2,exp1_permuted_src_datasets
132,772.973290681839,0.0,1736329384.9849577,,5.301048076944426e-05,1.0,0.001,1,16,40x40,PrototypicalNetwork,5,5,Egyptian,miniImageNet_SOTA_trainSet,False,10,4000,2,exp1_permuted_src_datasets
133,773.076404094696,0.0,1736329385.088071,,0.00010532268788665533,1.0,0.001,1,16,40x40,PrototypicalNetwork,5,5,Egyptian,miniImageNet_SOTA_trainSet,False,10,4000,2,exp1_permuted_src_datasets
134,773.164139509201,0.0,1736329385.1758065,,3.482737156446092e-05,1.0,0.001,1,16,40x40,PrototypicalNetwork,5,5,Egyptian,miniImageNet_SOTA_trainSet,False,10,4000,2,exp1_permuted_src_datasets
135,773.2517001628876,0.0,1736329385.2633672,,6.085777567932382e-05,1.0,0.001,1,16,40x40,PrototypicalNetwork,5,5,Egyptian,miniImageNet_SOTA_trainSet,False,10,4000,2,exp1_permuted_src_datasets
136,773.3774852752686,0.0,1736329385.3891523,,0.00011889615416293964,1.0,0.001,1,16,40x40,PrototypicalNetwork,5,5,Egyptian,miniImageNet_SOTA_trainSet,False,10,4000,2,exp1_permuted_src_datasets
137,773.4723105430603,0.0,1736329385.4839776,,8.192650420824066e-05,1.0,0.001,1,16,40x40,PrototypicalNetwork,5,5,Egyptian,miniImageNet_SOTA_trainSet,False,10,4000,2,exp1_permuted_src_datasets
138,773.5565137863159,0.0,1736329385.5681808,,7.274620293173939e-05,1.0,0.001,1,16,40x40,PrototypicalNetwork,5,5,Egyptian,miniImageNet_SOTA_trainSet,False,10,4000,2,exp1_permuted_src_datasets
139,773.6385657787323,0.0,1736329385.6502328,,8.193303074222058e-05,1.0,0.001,1,16,40x40,PrototypicalNetwork,5,5,Egyptian,miniImageNet_SOTA_trainSet,False,10,4000,2,exp1_permuted_src_datasets
140,773.7245602607727,0.0,1736329385.7362273,,0.00012908907956443727,1.0,0.001,1,16,40x40,PrototypicalNetwork,5,5,Egyptian,miniImageNet_SOTA_trainSet,False,10,4000,2,exp1_permuted_src_datasets
141,773.8095810413361,0.0,1736329385.821248,,0.0001152491313405335,1.0,0.001,1,16,40x40,PrototypicalNetwork,5,5,Egyptian,miniImageNet_SOTA_trainSet,False,10,4000,2,exp1_permuted_src_datasets
142,773.8931126594543,0.0,1736329385.9047797,,8.144231833284721e-05,1.0,0.001,1,16,40x40,PrototypicalNetwork,5,5,Egyptian,miniImageNet_SOTA_trainSet,False,10,4000,2,exp1_permuted_src_datasets
143,773.9781320095062,0.0,1736329385.989799,,2.7191304980078712e-05,1.0,0.001,1,16,40x40,PrototypicalNetwork,5,5,Egyptian,miniImageNet_SOTA_trainSet,False,10,4000,2,exp1_permuted_src_datasets
144,774.0779716968536,0.0,1736329386.0896387,,0.00023883227549958974,1.0,0.001,1,16,40x40,PrototypicalNetwork,5,5,Egyptian,miniImageNet_SOTA_trainSet,False,10,4000,2,exp1_permuted_src_datasets
145,774.1800155639648,0.0,1736329386.1916826,,8.896129293134436e-05,1.0,0.001,1,16,40x40,PrototypicalNetwork,5,5,Egyptian,miniImageNet_SOTA_trainSet,False,10,4000,2,exp1_permuted_src_datasets
146,774.2791202068329,0.0,1736329386.2907872,,5.2822986617684364e-05,1.0,0.001,1,16,40x40,PrototypicalNetwork,5,5,Egyptian,miniImageNet_SOTA_trainSet,False,10,4000,2,exp1_permuted_src_datasets
147,774.3756704330444,0.0,1736329386.3873374,,4.37749367847573e-05,1.0,0.001,1,16,40x40,PrototypicalNetwork,5,5,Egyptian,miniImageNet_SOTA_trainSet,False,10,4000,2,exp1_permuted_src_datasets
148,774.461320400238,0.0,1736329386.4729874,,5.161141598364338e-05,1.0,0.001,1,16,40x40,PrototypicalNetwork,5,5,Egyptian,miniImageNet_SOTA_trainSet,False,10,4000,2,exp1_permuted_src_datasets
149,774.5576338768005,0.0,1736329386.569301,,3.543153798091225e-05,1.0,0.001,1,16,40x40,PrototypicalNetwork,5,5,Egyptian,miniImageNet_SOTA_trainSet,False,10,4000,2,exp1_permuted_src_datasets
150,774.682391166687,0.0,1736329386.6940582,,6.435038812924176e-05,1.0,0.001,1,16,40x40,PrototypicalNetwork,5,5,Egyptian,miniImageNet_SOTA_trainSet,False,10,4000,2,exp1_permuted_src_datasets
151,774.7706654071808,0.0,1736329386.7823324,,3.763229324249551e-05,1.0,0.001,1,16,40x40,PrototypicalNetwork,5,5,Egyptian,miniImageNet_SOTA_trainSet,False,10,4000,2,exp1_permuted_src_datasets
152,774.8827788829803,0.0,1736329386.894446,,2.8682250558631495e-05,1.0,0.001,1,16,40x40,PrototypicalNetwork,5,5,Egyptian,miniImageNet_SOTA_trainSet,False,10,4000,2,exp1_permuted_src_datasets
153,774.9661345481873,0.0,1736329386.9778016,,6.647578265983611e-05,1.0,0.001,1,16,40x40,PrototypicalNetwork,5,5,Egyptian,miniImageNet_SOTA_trainSet,False,10,4000,2,exp1_permuted_src_datasets
154,775.0494322776794,0.0,1736329387.0610993,,4.2717183532658964e-05,1.0,0.001,1,16,40x40,PrototypicalNetwork,5,5,Egyptian,miniImageNet_SOTA_trainSet,False,10,4000,2,exp1_permuted_src_datasets
155,775.1626756191254,0.0,1736329387.1743426,,8.060790423769504e-05,1.0,0.001,1,16,40x40,PrototypicalNetwork,5,5,Egyptian,miniImageNet_SOTA_trainSet,False,10,4000,2,exp1_permuted_src_datasets
156,775.258706331253,0.0,1736329387.2703733,,4.555613122647628e-05,1.0,0.001,1,16,40x40,PrototypicalNetwork,5,5,Egyptian,miniImageNet_SOTA_trainSet,False,10,4000,2,exp1_permuted_src_datasets
157,775.3427577018738,0.0,1736329387.3544247,,4.812886254512705e-05,1.0,0.001,1,16,40x40,PrototypicalNetwork,5,5,Egyptian,miniImageNet_SOTA_trainSet,False,10,4000,2,exp1_permuted_src_datasets
158,775.4241917133331,0.0,1736329387.4358587,,7.064578676363453e-05,1.0,0.001,1,16,40x40,PrototypicalNetwork,5,5,Egyptian,miniImageNet_SOTA_trainSet,False,10,4000,2,exp1_permuted_src_datasets
159,775.5262577533722,0.0,1736329387.5379248,,9.137742745224386e-05,1.0,0.001,1,16,40x40,PrototypicalNetwork,5,5,Egyptian,miniImageNet_SOTA_trainSet,False,10,4000,2,exp1_permuted_src_datasets
160,775.6326992511749,0.0,1736329387.6443663,,0.00011034127965103835,1.0,0.001,1,16,40x40,PrototypicalNetwork,5,5,Egyptian,miniImageNet_SOTA_trainSet,False,10,4000,2,exp1_permuted_src_datasets
161,775.7203488349915,0.0,1736329387.7320158,,6.099450547480956e-05,1.0,0.001,1,16,40x40,PrototypicalNetwork,5,5,Egyptian,miniImageNet_SOTA_trainSet,False,10,4000,2,exp1_permuted_src_datasets
162,775.8090784549713,0.0,1736329387.8207455,,1.7344649677397683e-05,1.0,0.001,1,16,40x40,PrototypicalNetwork,5,5,Egyptian,miniImageNet_SOTA_trainSet,False,10,4000,2,exp1_permuted_src_datasets
163,775.899117231369,0.0,1736329387.9107842,,4.2692339775385335e-05,1.0,0.001,1,16,40x40,PrototypicalNetwork,5,5,Egyptian,miniImageNet_SOTA_trainSet,False,10,4000,2,exp1_permuted_src_datasets
164,775.9945843219757,0.0,1736329388.0062513,,2.8259881219128147e-05,1.0,0.001,1,16,40x40,PrototypicalNetwork,5,5,Egyptian,miniImageNet_SOTA_trainSet,False,10,4000,2,exp1_permuted_src_datasets
165,776.0921857357025,0.0,1736329388.1038527,,6.323661364149302e-05,1.0,0.001,1,16,40x40,PrototypicalNetwork,5,5,Egyptian,miniImageNet_SOTA_trainSet,False,10,4000,2,exp1_permuted_src_datasets
166,776.2047390937805,0.0,1736329388.216406,,4.159207674092613e-05,1.0,0.001,1,16,40x40,PrototypicalNetwork,5,5,Egyptian,miniImageNet_SOTA_trainSet,False,10,4000,2,exp1_permuted_src_datasets
167,776.3235895633698,0.0,1736329388.3352566,,3.572747664293274e-05,1.0,0.001,1,16,40x40,PrototypicalNetwork,5,5,Egyptian,miniImageNet_SOTA_trainSet,False,10,4000,2,exp1_permuted_src_datasets
168,776.4262092113495,0.0,1736329388.4378762,,4.7096549678826705e-05,1.0,0.001,1,16,40x40,PrototypicalNetwork,5,5,Egyptian,miniImageNet_SOTA_trainSet,False,10,4000,2,exp1_permuted_src_datasets
169,776.513507604599,0.0,1736329388.5251746,,2.1852300051250495e-05,1.0,0.001,1,16,40x40,PrototypicalNetwork,5,5,Egyptian,miniImageNet_SOTA_trainSet,False,10,4000,2,exp1_permuted_src_datasets
170,776.6169049739838,0.0,1736329388.628572,,5.678554225596599e-05,1.0,0.001,1,16,40x40,PrototypicalNetwork,5,5,Egyptian,miniImageNet_SOTA_trainSet,False,10,4000,2,exp1_permuted_src_datasets
171,776.7146997451782,0.0,1736329388.7263668,,3.846547770081088e-05,1.0,0.001,1,16,40x40,PrototypicalNetwork,5,5,Egyptian,miniImageNet_SOTA_trainSet,False,10,4000,2,exp1_permuted_src_datasets
172,776.8061537742615,0.0,1736329388.8178208,,5.444459384307265e-05,1.0,0.001,1,16,40x40,PrototypicalNetwork,5,5,Egyptian,miniImageNet_SOTA_trainSet,False,10,4000,2,exp1_permuted_src_datasets
173,776.9069719314575,0.0,1736329388.918639,,2.959981247840915e-05,1.0,0.001,1,16,40x40,PrototypicalNetwork,5,5,Egyptian,miniImageNet_SOTA_trainSet,False,10,4000,2,exp1_permuted_src_datasets
174,777.0065650939941,0.0,1736329389.018232,,1.9441693439148366e-05,1.0,0.001,1,16,40x40,PrototypicalNetwork,5,5,Egyptian,miniImageNet_SOTA_trainSet,False,10,4000,2,exp1_permuted_src_datasets
175,777.1087229251862,0.0,1736329389.12039,,7.824589556548744e-05,1.0,0.001,1,16,40x40,PrototypicalNetwork,5,5,Egyptian,miniImageNet_SOTA_trainSet,False,10,4000,2,exp1_permuted_src_datasets
176,777.197735786438,0.0,1736329389.2094028,,2.7620520995697007e-05,1.0,0.001,1,16,40x40,PrototypicalNetwork,5,5,Egyptian,miniImageNet_SOTA_trainSet,False,10,4000,2,exp1_permuted_src_datasets
177,777.303338766098,0.0,1736329389.3150058,,3.7510282709263265e-05,1.0,0.001,1,16,40x40,PrototypicalNetwork,5,5,Egyptian,miniImageNet_SOTA_trainSet,False,10,4000,2,exp1_permuted_src_datasets
178,777.3974366188049,0.0,1736329389.4091036,,3.778071913984604e-05,1.0,0.001,1,16,40x40,PrototypicalNetwork,5,5,Egyptian,miniImageNet_SOTA_trainSet,False,10,4000,2,exp1_permuted_src_datasets
179,777.5145981311798,0.0,1736329389.5262651,,5.611300730379298e-05,1.0,0.001,1,16,40x40,PrototypicalNetwork,5,5,Egyptian,miniImageNet_SOTA_trainSet,False,10,4000,2,exp1_permuted_src_datasets
180,777.6068730354309,0.0,1736329389.61854,,2.4368619051529095e-05,1.0,0.001,1,16,40x40,PrototypicalNetwork,5,5,Egyptian,miniImageNet_SOTA_trainSet,False,10,4000,2,exp1_permuted_src_datasets
181,777.7138769626617,0.0,1736329389.725544,,8.605875336797908e-05,1.0,0.001,1,16,40x40,PrototypicalNetwork,5,5,Egyptian,miniImageNet_SOTA_trainSet,False,10,4000,2,exp1_permuted_src_datasets
182,777.8102855682373,0.0,1736329389.8219526,,4.1519382648402825e-05,1.0,0.001,1,16,40x40,PrototypicalNetwork,5,5,Egyptian,miniImageNet_SOTA_trainSet,False,10,4000,2,exp1_permuted_src_datasets
183,777.8969271183014,0.0,1736329389.9085941,,4.767758218804374e-05,1.0,0.001,1,16,40x40,PrototypicalNetwork,5,5,Egyptian,miniImageNet_SOTA_trainSet,False,10,4000,2,exp1_permuted_src_datasets
184,777.9931590557098,0.0,1736329390.004826,,3.917950016329996e-05,1.0,0.001,1,16,40x40,PrototypicalNetwork,5,5,Egyptian,miniImageNet_SOTA_trainSet,False,10,4000,2,exp1_permuted_src_datasets
185,778.0872135162354,0.0,1736329390.0988805,,3.122482303297147e-05,1.0,0.001,1,16,40x40,PrototypicalNetwork,5,5,Egyptian,miniImageNet_SOTA_trainSet,False,10,4000,2,exp1_permuted_src_datasets
186,778.1858370304108,0.0,1736329390.197504,,3.213634772691876e-05,1.0,0.001,1,16,40x40,PrototypicalNetwork,5,5,Egyptian,miniImageNet_SOTA_trainSet,False,10,4000,2,exp1_permuted_src_datasets
187,778.2682616710663,0.0,1736329390.2799287,,1.2931674064020626e-05,1.0,0.001,1,16,40x40,PrototypicalNetwork,5,5,Egyptian,miniImageNet_SOTA_trainSet,False,10,4000,2,exp1_permuted_src_datasets
188,778.35307097435,0.0,1736329390.364738,,3.8698788557667285e-05,1.0,0.001,1,16,40x40,PrototypicalNetwork,5,5,Egyptian,miniImageNet_SOTA_trainSet,False,10,4000,2,exp1_permuted_src_datasets
189,778.4548749923706,0.0,1736329390.466542,,5.295055962051265e-05,1.0,0.001,1,16,40x40,PrototypicalNetwork,5,5,Egyptian,miniImageNet_SOTA_trainSet,False,10,4000,2,exp1_permuted_src_datasets
190,1034.7700085639954,0.0,1736329646.7816756,0.8748499979972839,,,0.001,1,16,40x40,PrototypicalNetwork,5,5,Egyptian,miniImageNet_SOTA_trainSet,False,10,4000,2,exp1_permuted_src_datasets
191,1034.863376379013,0.0,1736329646.8750434,,4.03699632443022e-05,1.0,0.001,1,16,40x40,PrototypicalNetwork,5,5,Egyptian,miniImageNet_SOTA_trainSet,False,10,4000,2,exp1_permuted_src_datasets
192,1034.950083732605,0.0,1736329646.9617507,,8.846242417348549e-05,1.0,0.001,1,16,40x40,PrototypicalNetwork,5,5,Egyptian,miniImageNet_SOTA_trainSet,False,10,4000,2,exp1_permuted_src_datasets
193,1035.0471551418304,0.0,1736329647.0588222,,0.00010934439342236146,1.0,0.001,1,16,40x40,PrototypicalNetwork,5,5,Egyptian,miniImageNet_SOTA_trainSet,False,10,4000,2,exp1_permuted_src_datasets
194,1035.1419668197632,0.0,1736329647.1536338,,4.682088183471933e-05,1.0,0.001,1,16,40x40,PrototypicalNetwork,5,5,Egyptian,miniImageNet_SOTA_trainSet,False,10,4000,2,exp1_permuted_src_datasets
195,1035.227275133133,0.0,1736329647.2389421,,3.594880035961978e-05,1.0,0.001,1,16,40x40,PrototypicalNetwork,5,5,Egyptian,miniImageNet_SOTA_trainSet,False,10,4000,2,exp1_permuted_src_datasets
196,1035.3164794445038,0.0,1736329647.3281465,,1.4342355825647246e-05,1.0,0.001,1,16,40x40,PrototypicalNetwork,5,5,Egyptian,miniImageNet_SOTA_trainSet,False,10,4000,2,exp1_permuted_src_datasets
197,1035.4123730659485,0.0,1736329647.42404,,0.00013045289961155504,1.0,0.001,1,16,40x40,PrototypicalNetwork,5,5,Egyptian,miniImageNet_SOTA_trainSet,False,10,4000,2,exp1_permuted_src_datasets
198,1035.497103691101,0.0,1736329647.5087707,,4.3269217712804675e-05,1.0,0.001,1,16,40x40,PrototypicalNetwork,5,5,Egyptian,miniImageNet_SOTA_trainSet,False,10,4000,2,exp1_permuted_src_datasets
199,1035.581131696701,0.0,1736329647.5927987,,7.031732093309984e-05,1.0,0.001,1,16,40x40,PrototypicalNetwork,5,5,Egyptian,miniImageNet_SOTA_trainSet,False,10,4000,2,exp1_permuted_src_datasets
200,1035.6705214977264,0.0,1736329647.6821885,,1.1987238394794986e-05,1.0,0.001,1,16,40x40,PrototypicalNetwork,5,5,Egyptian,miniImageNet_SOTA_trainSet,False,10,4000,2,exp1_permuted_src_datasets
201,1035.7677841186523,0.0,1736329647.7794511,,6.01392712269444e-05,1.0,0.001,1,16,40x40,PrototypicalNetwork,5,5,Egyptian,miniImageNet_SOTA_trainSet,False,10,4000,2,exp1_permuted_src_datasets
202,1035.8512544631958,0.0,1736329647.8629215,,5.595902257482521e-05,1.0,0.001,1,16,40x40,PrototypicalNetwork,5,5,Egyptian,miniImageNet_SOTA_trainSet,False,10,4000,2,exp1_permuted_src_datasets
203,1035.939267873764,0.0,1736329647.950935,,8.771040302235633e-05,1.0,0.001,1,16,40x40,PrototypicalNetwork,5,5,Egyptian,miniImageNet_SOTA_trainSet,False,10,4000,2,exp1_permuted_src_datasets
204,1036.0318641662598,0.0,1736329648.0435312,,4.385131614981219e-05,1.0,0.001,1,16,40x40,PrototypicalNetwork,5,5,Egyptian,miniImageNet_SOTA_trainSet,False,10,4000,2,exp1_permuted_src_datasets
205,1036.1200532913208,0.0,1736329648.1317203,,4.365198765299283e-05,1.0,0.001,1,16,40x40,PrototypicalNetwork,5,5,Egyptian,miniImageNet_SOTA_trainSet,False,10,4000,2,exp1_permuted_src_datasets
206,1036.2086095809937,0.0,1736329648.2202766,,5.6238681281683967e-05,1.0,0.001,1,16,40x40,PrototypicalNetwork,5,5,Egyptian,miniImageNet_SOTA_trainSet,False,10,4000,2,exp1_permuted_src_datasets
207,1036.2980358600616,0.0,1736329648.3097029,,4.789077866007574e-05,1.0,0.001,1,16,40x40,PrototypicalNetwork,5,5,Egyptian,miniImageNet_SOTA_trainSet,False,10,4000,2,exp1_permuted_src_datasets
208,1036.3839614391327,0.0,1736329648.3956285,,6.918240978848189e-05,1.0,0.001,1,16,40x40,PrototypicalNetwork,5,5,Egyptian,miniImageNet_SOTA_trainSet,False,10,4000,2,exp1_permuted_src_datasets
209,1036.4758632183075,0.0,1736329648.4875302,,6.985232175793499e-05,1.0,0.001,1,16,40x40,PrototypicalNetwork,5,5,Egyptian,miniImageNet_SOTA_trainSet,False,10,4000,2,exp1_permuted_src_datasets
210,1036.5817930698395,0.0,1736329648.59346,,4.989194712834433e-05,1.0,0.001,1,16,40x40,PrototypicalNetwork,5,5,Egyptian,miniImageNet_SOTA_trainSet,False,10,4000,2,exp1_permuted_src_datasets
211,1036.6845302581787,0.0,1736329648.6961973,,3.508901863824576e-05,1.0,0.001,1,16,40x40,PrototypicalNetwork,5,5,Egyptian,miniImageNet_SOTA_trainSet,False,10,4000,2,exp1_permuted_src_datasets
212,1036.7730157375336,0.0,1736329648.7846828,,1.0555448170634918e-05,1.0,0.001,1,16,40x40,PrototypicalNetwork,5,5,Egyptian,miniImageNet_SOTA_trainSet,False,10,4000,2,exp1_permuted_src_datasets
213,1036.8719489574432,0.0,1736329648.883616,,3.1409690564032644e-05,1.0,0.001,1,16,40x40,PrototypicalNetwork,5,5,Egyptian,miniImageNet_SOTA_trainSet,False,10,4000,2,exp1_permuted_src_datasets
214,1036.9699227809906,0.0,1736329648.9815898,,2.2783264284953475e-05,1.0,0.001,1,16,40x40,PrototypicalNetwork,5,5,Egyptian,miniImageNet_SOTA_trainSet,False,10,4000,2,exp1_permuted_src_datasets
215,1037.0678207874298,0.0,1736329649.0794878,,4.934155003866181e-05,1.0,0.001,1,16,40x40,PrototypicalNetwork,5,5,Egyptian,miniImageNet_SOTA_trainSet,False,10,4000,2,exp1_permuted_src_datasets
216,1037.154226064682,0.0,1736329649.165893,,6.539119931403548e-05,1.0,0.001,1,16,40x40,PrototypicalNetwork,5,5,Egyptian,miniImageNet_SOTA_trainSet,False,10,4000,2,exp1_permuted_src_datasets
217,1037.2498993873596,0.0,1736329649.2615664,,2.998258605657611e-05,1.0,0.001,1,16,40x40,PrototypicalNetwork,5,5,Egyptian,miniImageNet_SOTA_trainSet,False,10,4000,2,exp1_permuted_src_datasets
218,1037.3442702293396,0.0,1736329649.3559372,,8.751171117182821e-05,1.0,0.001,1,16,40x40,PrototypicalNetwork,5,5,Egyptian,miniImageNet_SOTA_trainSet,False,10,4000,2,exp1_permuted_src_datasets
219,1037.4520659446716,0.0,1736329649.463733,,8.727279237064067e-06,1.0,0.001,1,16,40x40,PrototypicalNetwork,5,5,Egyptian,miniImageNet_SOTA_trainSet,False,10,4000,2,exp1_permuted_src_datasets
220,1037.534994840622,0.0,1736329649.5466619,,3.838590782834217e-05,1.0,0.001,1,16,40x40,PrototypicalNetwork,5,5,Egyptian,miniImageNet_SOTA_trainSet,False,10,4000,2,exp1_permuted_src_datasets
221,1037.6259820461273,0.0,1736329649.637649,,1.0671802556316834e-05,1.0,0.001,1,16,40x40,PrototypicalNetwork,5,5,Egyptian,miniImageNet_SOTA_trainSet,False,10,4000,2,exp1_permuted_src_datasets
222,1037.71680021286,0.0,1736329649.7284672,,5.046276419307105e-05,1.0,0.001,1,16,40x40,PrototypicalNetwork,5,5,Egyptian,miniImageNet_SOTA_trainSet,False,10,4000,2,exp1_permuted_src_datasets
223,1037.8343822956085,0.0,1736329649.8460493,,4.4053882447769865e-05,1.0,0.001,1,16,40x40,PrototypicalNetwork,5,5,Egyptian,miniImageNet_SOTA_trainSet,False,10,4000,2,exp1_permuted_src_datasets
224,1037.9320051670074,0.0,1736329649.9436722,,5.2091221732553095e-05,1.0,0.001,1,16,40x40,PrototypicalNetwork,5,5,Egyptian,miniImageNet_SOTA_trainSet,False,10,4000,2,exp1_permuted_src_datasets
225,1038.0156621932983,0.0,1736329650.0273292,,3.1086819944903255e-05,1.0,0.001,1,16,40x40,PrototypicalNetwork,5,5,Egyptian,miniImageNet_SOTA_trainSet,False,10,4000,2,exp1_permuted_src_datasets
226,1038.1055014133453,0.0,1736329650.1171684,,2.7629077521851286e-05,1.0,0.001,1,16,40x40,PrototypicalNetwork,5,5,Egyptian,miniImageNet_SOTA_trainSet,False,10,4000,2,exp1_permuted_src_datasets
227,1038.2007451057434,0.0,1736329650.212412,,6.83448524796404e-05,1.0,0.001,1,16,40x40,PrototypicalNetwork,5,5,Egyptian,miniImageNet_SOTA_trainSet,False,10,4000,2,exp1_permuted_src_datasets
228,1038.3246178627014,0.0,1736329650.3362849,,0.00012523916666395962,1.0,0.001,1,16,40x40,PrototypicalNetwork,5,5,Egyptian,miniImageNet_SOTA_trainSet,False,10,4000,2,exp1_permuted_src_datasets
229,1038.422810792923,0.0,1736329650.4344778,,7.791503776388709e-06,1.0,0.001,1,16,40x40,PrototypicalNetwork,5,5,Egyptian,miniImageNet_SOTA_trainSet,False,10,4000,2,exp1_permuted_src_datasets
230,1038.5199077129364,0.0,1736329650.5315747,,2.807679084071424e-05,1.0,0.001,1,16,40x40,PrototypicalNetwork,5,5,Egyptian,miniImageNet_SOTA_trainSet,False,10,4000,2,exp1_permuted_src_datasets
231,1038.606943845749,0.0,1736329650.6186109,,0.0001466502872062847,1.0,0.001,1,16,40x40,PrototypicalNetwork,5,5,Egyptian,miniImageNet_SOTA_trainSet,False,10,4000,2,exp1_permuted_src_datasets
232,1038.7034165859222,0.0,1736329650.7150836,,3.707060022861697e-05,1.0,0.001,1,16,40x40,PrototypicalNetwork,5,5,Egyptian,miniImageNet_SOTA_trainSet,False,10,4000,2,exp1_permuted_src_datasets
233,1038.802785396576,0.0,1736329650.8144524,,1.2310662896197755e-05,1.0,0.001,1,16,40x40,PrototypicalNetwork,5,5,Egyptian,miniImageNet_SOTA_trainSet,False,10,4000,2,exp1_permuted_src_datasets
234,1038.9288659095764,0.0,1736329650.940533,,3.7810437788721174e-05,1.0,0.001,1,16,40x40,PrototypicalNetwork,5,5,Egyptian,miniImageNet_SOTA_trainSet,False,10,4000,2,exp1_permuted_src_datasets
235,1039.0233294963837,0.0,1736329651.0349965,,0.00013406819198280573,1.0,0.001,1,16,40x40,PrototypicalNetwork,5,5,Egyptian,miniImageNet_SOTA_trainSet,False,10,4000,2,exp1_permuted_src_datasets
236,1039.108822107315,0.0,1736329651.1204891,,3.3769763831514865e-05,1.0,0.001,1,16,40x40,PrototypicalNetwork,5,5,Egyptian,miniImageNet_SOTA_trainSet,False,10,4000,2,exp1_permuted_src_datasets
237,1039.2082846164703,0.0,1736329651.2199516,,1.618137139303144e-05,1.0,0.001,1,16,40x40,PrototypicalNetwork,5,5,Egyptian,miniImageNet_SOTA_trainSet,False,10,4000,2,exp1_permuted_src_datasets
238,1039.3274009227753,0.0,1736329651.339068,,3.0325081752380356e-05,1.0,0.001,1,16,40x40,PrototypicalNetwork,5,5,Egyptian,miniImageNet_SOTA_trainSet,False,10,4000,2,exp1_permuted_src_datasets
239,1039.421071767807,0.0,1736329651.4327388,,1.0959289284073748e-05,1.0,0.001,1,16,40x40,PrototypicalNetwork,5,5,Egyptian,miniImageNet_SOTA_trainSet,False,10,4000,2,exp1_permuted_src_datasets
240,1039.5118570327759,0.0,1736329651.523524,,5.2462426538113505e-05,1.0,0.001,1,16,40x40,PrototypicalNetwork,5,5,Egyptian,miniImageNet_SOTA_trainSet,False,10,4000,2,exp1_permuted_src_datasets
241,1039.6117944717407,0.0,1736329651.6234615,,4.1592145862523466e-05,1.0,0.001,1,16,40x40,PrototypicalNetwork,5,5,Egyptian,miniImageNet_SOTA_trainSet,False,10,4000,2,exp1_permuted_src_datasets
242,1039.708200454712,0.0,1736329651.7198675,,0.00013453487190417945,1.0,0.001,1,16,40x40,PrototypicalNetwork,5,5,Egyptian,miniImageNet_SOTA_trainSet,False,10,4000,2,exp1_permuted_src_datasets
243,1039.811960220337,0.0,1736329651.8236272,,3.0649593099951744e-05,1.0,0.001,1,16,40x40,PrototypicalNetwork,5,5,Egyptian,miniImageNet_SOTA_trainSet,False,10,4000,2,exp1_permuted_src_datasets
244,1039.8975167274475,0.0,1736329651.9091837,,1.9735194655368105e-05,1.0,0.001,1,16,40x40,PrototypicalNetwork,5,5,Egyptian,miniImageNet_SOTA_trainSet,False,10,4000,2,exp1_permuted_src_datasets
245,1039.983369588852,0.0,1736329651.9950366,,2.034292629105039e-05,1.0,0.001,1,16,40x40,PrototypicalNetwork,5,5,Egyptian,miniImageNet_SOTA_trainSet,False,10,4000,2,exp1_permuted_src_datasets
246,1040.0728840827942,0.0,1736329652.084551,,5.397043423727155e-05,1.0,0.001,1,16,40x40,PrototypicalNetwork,5,5,Egyptian,miniImageNet_SOTA_trainSet,False,10,4000,2,exp1_permuted_src_datasets
247,1040.161170721054,0.0,1736329652.1728377,,2.6119203539565206e-05,1.0,0.001,1,16,40x40,PrototypicalNetwork,5,5,Egyptian,miniImageNet_SOTA_trainSet,False,10,4000,2,exp1_permuted_src_datasets
248,1040.2667682170868,0.0,1736329652.2784352,,5.804443571832962e-05,1.0,0.001,1,16,40x40,PrototypicalNetwork,5,5,Egyptian,miniImageNet_SOTA_trainSet,False,10,4000,2,exp1_permuted_src_datasets
249,1040.370833158493,0.0,1736329652.3825002,,3.442604065639898e-05,1.0,0.001,1,16,40x40,PrototypicalNetwork,5,5,Egyptian,miniImageNet_SOTA_trainSet,False,10,4000,2,exp1_permuted_src_datasets
250,1040.4564402103424,0.0,1736329652.4681072,,3.0950497603043914e-05,1.0,0.001,1,16,40x40,PrototypicalNetwork,5,5,Egyptian,miniImageNet_SOTA_trainSet,False,10,4000,2,exp1_permuted_src_datasets
251,1040.562693119049,0.0,1736329652.5743601,,1.7003256289171986e-05,1.0,0.001,1,16,40x40,PrototypicalNetwork,5,5,Egyptian,miniImageNet_SOTA_trainSet,False,10,4000,2,exp1_permuted_src_datasets
252,1040.6598272323608,0.0,1736329652.6714942,,5.09595156472642e-05,1.0,0.001,1,16,40x40,PrototypicalNetwork,5,5,Egyptian,miniImageNet_SOTA_trainSet,False,10,4000,2,exp1_permuted_src_datasets
253,1296.3813118934631,0.0,1736329908.392979,0.874049998998642,,,0.001,1,16,40x40,PrototypicalNetwork,5,5,Egyptian,miniImageNet_SOTA_trainSet,False,10,4000,2,exp1_permuted_src_datasets
254,1296.4560165405273,0.0,1736329908.4676836,,1.3320617654244415e-05,1.0,0.001,1,16,40x40,PrototypicalNetwork,5,5,Egyptian,miniImageNet_SOTA_trainSet,False,10,4000,2,exp1_permuted_src_datasets
255,1296.5468842983246,0.0,1736329908.5585513,,4.033535151393153e-05,1.0,0.001,1,16,40x40,PrototypicalNetwork,5,5,Egyptian,miniImageNet_SOTA_trainSet,False,10,4000,2,exp1_permuted_src_datasets
256,1296.649985551834,0.0,1736329908.6616526,,2.2364514734363183e-05,1.0,0.001,1,16,40x40,PrototypicalNetwork,5,5,Egyptian,miniImageNet_SOTA_trainSet,False,10,4000,2,exp1_permuted_src_datasets
257,1296.7554388046265,0.0,1736329908.7671058,,2.4598062736913562e-05,1.0,0.001,1,16,40x40,PrototypicalNetwork,5,5,Egyptian,miniImageNet_SOTA_trainSet,False,10,4000,2,exp1_permuted_src_datasets
258,1296.8675301074982,0.0,1736329908.8791971,,1.1346470273565501e-05,1.0,0.001,1,16,40x40,PrototypicalNetwork,5,5,Egyptian,miniImageNet_SOTA_trainSet,False,10,4000,2,exp1_permuted_src_datasets
259,1296.9745626449585,0.0,1736329908.9862297,,4.522001472651027e-05,1.0,0.001,1,16,40x40,PrototypicalNetwork,5,5,Egyptian,miniImageNet_SOTA_trainSet,False,10,4000,2,exp1_permuted_src_datasets
260,1297.0966861248016,0.0,1736329909.1083531,,5.361329840525286e-06,1.0,0.001,1,16,40x40,PrototypicalNetwork,5,5,Egyptian,miniImageNet_SOTA_trainSet,False,10,4000,2,exp1_permuted_src_datasets
261,1297.2069990634918,0.0,1736329909.218666,,2.0350300474092364e-05,1.0,0.001,1,16,40x40,PrototypicalNetwork,5,5,Egyptian,miniImageNet_SOTA_trainSet,False,10,4000,2,exp1_permuted_src_datasets
262,1297.299861907959,0.0,1736329909.311529,,3.401839785510674e-05,1.0,0.001,1,16,40x40,PrototypicalNetwork,5,5,Egyptian,miniImageNet_SOTA_trainSet,False,10,4000,2,exp1_permuted_src_datasets
263,1297.3936121463776,0.0,1736329909.4052792,,2.6050180167658255e-05,1.0,0.001,1,16,40x40,PrototypicalNetwork,5,5,Egyptian,miniImageNet_SOTA_trainSet,False,10,4000,2,exp1_permuted_src_datasets
264,1297.4781367778778,0.0,1736329909.4898038,,3.00973370030988e-05,1.0,0.001,1,16,40x40,PrototypicalNetwork,5,5,Egyptian,miniImageNet_SOTA_trainSet,False,10,4000,2,exp1_permuted_src_datasets
265,1297.5873625278473,0.0,1736329909.5990295,,3.0970633815741166e-05,1.0,0.001,1,16,40x40,PrototypicalNetwork,5,5,Egyptian,miniImageNet_SOTA_trainSet,False,10,4000,2,exp1_permuted_src_datasets
266,1297.6740972995758,0.0,1736329909.6857643,,2.057504934782628e-05,1.0,0.001,1,16,40x40,PrototypicalNetwork,5,5,Egyptian,miniImageNet_SOTA_trainSet,False,10,4000,2,exp1_permuted_src_datasets
267,1297.7586178779602,0.0,1736329909.770285,,6.361724808812141e-05,1.0,0.001,1,16,40x40,PrototypicalNetwork,5,5,Egyptian,miniImageNet_SOTA_trainSet,False,10,4000,2,exp1_permuted_src_datasets
268,1297.865727186203,0.0,1736329909.8773942,,2.0533772840281017e-05,1.0,0.001,1,16,40x40,PrototypicalNetwork,5,5,Egyptian,miniImageNet_SOTA_trainSet,False,10,4000,2,exp1_permuted_src_datasets
269,1297.9502737522125,0.0,1736329909.9619408,,6.709682111250004e-06,1.0,0.001,1,16,40x40,PrototypicalNetwork,5,5,Egyptian,miniImageNet_SOTA_trainSet,False,10,4000,2,exp1_permuted_src_datasets
270,1298.0351510047913,0.0,1736329910.046818,,4.5669665269088e-05,1.0,0.001,1,16,40x40,PrototypicalNetwork,5,5,Egyptian,miniImageNet_SOTA_trainSet,False,10,4000,2,exp1_permuted_src_datasets
271,1298.1489193439484,0.0,1736329910.1605864,,0.0001113674370571971,1.0,0.001,1,16,40x40,PrototypicalNetwork,5,5,Egyptian,miniImageNet_SOTA_trainSet,False,10,4000,2,exp1_permuted_src_datasets
272,1298.2490773200989,0.0,1736329910.2607443,,1.4629091310780495e-05,1.0,0.001,1,16,40x40,PrototypicalNetwork,5,5,Egyptian,miniImageNet_SOTA_trainSet,False,10,4000,2,exp1_permuted_src_datasets
273,1298.3321685791016,0.0,1736329910.3438356,,4.351944153313525e-05,1.0,0.001,1,16,40x40,PrototypicalNetwork,5,5,Egyptian,miniImageNet_SOTA_trainSet,False,10,4000,2,exp1_permuted_src_datasets
274,1298.4201188087463,0.0,1736329910.4317858,,6.27481349511072e-05,1.0,0.001,1,16,40x40,PrototypicalNetwork,5,5,Egyptian,miniImageNet_SOTA_trainSet,False,10,4000,2,exp1_permuted_src_datasets
275,1298.5131080150604,0.0,1736329910.524775,,1.1628303582256194e-05,1.0,0.001,1,16,40x40,PrototypicalNetwork,5,5,Egyptian,miniImageNet_SOTA_trainSet,False,10,4000,2,exp1_permuted_src_datasets
276,1298.5964014530182,0.0,1736329910.6080685,,2.747671169345267e-05,1.0,0.001,1,16,40x40,PrototypicalNetwork,5,5,Egyptian,miniImageNet_SOTA_trainSet,False,10,4000,2,exp1_permuted_src_datasets
277,1298.6892416477203,0.0,1736329910.7009087,,1.9573879399104044e-05,1.0,0.001,1,16,40x40,PrototypicalNetwork,5,5,Egyptian,miniImageNet_SOTA_trainSet,False,10,4000,2,exp1_permuted_src_datasets
278,1298.7840254306793,0.0,1736329910.7956924,,8.657322723593097e-06,1.0,0.001,1,16,40x40,PrototypicalNetwork,5,5,Egyptian,miniImageNet_SOTA_trainSet,False,10,4000,2,exp1_permuted_src_datasets
279,1298.8671107292175,0.0,1736329910.8787777,,3.005166581715457e-05,1.0,0.001,1,16,40x40,PrototypicalNetwork,5,5,Egyptian,miniImageNet_SOTA_trainSet,False,10,4000,2,exp1_permuted_src_datasets
280,1298.9712121486664,0.0,1736329910.9828792,,8.68237839313224e-05,1.0,0.001,1,16,40x40,PrototypicalNetwork,5,5,Egyptian,miniImageNet_SOTA_trainSet,False,10,4000,2,exp1_permuted_src_datasets
281,1299.0689594745636,0.0,1736329911.0806265,,3.45923617715016e-05,1.0,0.001,1,16,40x40,PrototypicalNetwork,5,5,Egyptian,miniImageNet_SOTA_trainSet,False,10,4000,2,exp1_permuted_src_datasets
282,1299.1749210357666,0.0,1736329911.186588,,9.773178135219496e-06,1.0,0.001,1,16,40x40,PrototypicalNetwork,5,5,Egyptian,miniImageNet_SOTA_trainSet,False,10,4000,2,exp1_permuted_src_datasets
283,1299.2583963871002,0.0,1736329911.2700634,,1.7982696590479463e-05,1.0,0.001,1,16,40x40,PrototypicalNetwork,5,5,Egyptian,miniImageNet_SOTA_trainSet,False,10,4000,2,exp1_permuted_src_datasets
284,1299.3729319572449,0.0,1736329911.384599,,1.6199070159927942e-05,1.0,0.001,1,16,40x40,PrototypicalNetwork,5,5,Egyptian,miniImageNet_SOTA_trainSet,False,10,4000,2,exp1_permuted_src_datasets
285,1299.4939496517181,0.0,1736329911.5056167,,2.426637183816638e-05,1.0,0.001,1,16,40x40,PrototypicalNetwork,5,5,Egyptian,miniImageNet_SOTA_trainSet,False,10,4000,2,exp1_permuted_src_datasets
286,1299.5760159492493,0.0,1736329911.587683,,3.559986362233758e-05,1.0,0.001,1,16,40x40,PrototypicalNetwork,5,5,Egyptian,miniImageNet_SOTA_trainSet,False,10,4000,2,exp1_permuted_src_datasets
287,1299.6789963245392,0.0,1736329911.6906633,,9.77035415417049e-06,1.0,0.001,1,16,40x40,PrototypicalNetwork,5,5,Egyptian,miniImageNet_SOTA_trainSet,False,10,4000,2,exp1_permuted_src_datasets
288,1299.7751755714417,0.0,1736329911.7868426,,3.657451452454552e-05,1.0,0.001,1,16,40x40,PrototypicalNetwork,5,5,Egyptian,miniImageNet_SOTA_trainSet,False,10,4000,2,exp1_permuted_src_datasets
289,1299.864649772644,0.0,1736329911.8763168,,3.147176903439686e-05,1.0,0.001,1,16,40x40,PrototypicalNetwork,5,5,Egyptian,miniImageNet_SOTA_trainSet,False,10,4000,2,exp1_permuted_src_datasets
290,1299.959306716919,0.0,1736329911.9709737,,2.362506347708404e-05,1.0,0.001,1,16,40x40,PrototypicalNetwork,5,5,Egyptian,miniImageNet_SOTA_trainSet,False,10,4000,2,exp1_permuted_src_datasets
291,1300.061963558197,0.0,1736329912.0736306,,2.1916741388849914e-05,1.0,0.001,1,16,40x40,PrototypicalNetwork,5,5,Egyptian,miniImageNet_SOTA_trainSet,False,10,4000,2,exp1_permuted_src_datasets
292,1300.1478114128113,0.0,1736329912.1594784,,1.6898922694963403e-05,1.0,0.001,1,16,40x40,PrototypicalNetwork,5,5,Egyptian,miniImageNet_SOTA_trainSet,False,10,4000,2,exp1_permuted_src_datasets
293,1300.2399635314941,0.0,1736329912.2516305,,8.880734640115406e-06,1.0,0.001,1,16,40x40,PrototypicalNetwork,5,5,Egyptian,miniImageNet_SOTA_trainSet,False,10,4000,2,exp1_permuted_src_datasets
294,1300.3275146484375,0.0,1736329912.3391817,,7.56058216211386e-06,1.0,0.001,1,16,40x40,PrototypicalNetwork,5,5,Egyptian,miniImageNet_SOTA_trainSet,False,10,4000,2,exp1_permuted_src_datasets
295,1300.4175531864166,0.0,1736329912.4292202,,1.1745712072297465e-05,1.0,0.001,1,16,40x40,PrototypicalNetwork,5,5,Egyptian,miniImageNet_SOTA_trainSet,False,10,4000,2,exp1_permuted_src_datasets
296,1300.5091609954834,0.0,1736329912.520828,,1.886471000034362e-05,1.0,0.001,1,16,40x40,PrototypicalNetwork,5,5,Egyptian,miniImageNet_SOTA_trainSet,False,10,4000,2,exp1_permuted_src_datasets
297,1300.6014471054077,0.0,1736329912.613114,,1.1680417628667783e-05,1.0,0.001,1,16,40x40,PrototypicalNetwork,5,5,Egyptian,miniImageNet_SOTA_trainSet,False,10,4000,2,exp1_permuted_src_datasets
298,1300.7004837989807,0.0,1736329912.7121508,,4.417217496666126e-05,1.0,0.001,1,16,40x40,PrototypicalNetwork,5,5,Egyptian,miniImageNet_SOTA_trainSet,False,10,4000,2,exp1_permuted_src_datasets
299,1300.7878873348236,0.0,1736329912.7995543,,8.482842531520873e-06,1.0,0.001,1,16,40x40,PrototypicalNetwork,5,5,Egyptian,miniImageNet_SOTA_trainSet,False,10,4000,2,exp1_permuted_src_datasets
300,1300.8865463733673,0.0,1736329912.8982134,,1.318828890362056e-05,1.0,0.001,1,16,40x40,PrototypicalNetwork,5,5,Egyptian,miniImageNet_SOTA_trainSet,False,10,4000,2,exp1_permuted_src_datasets
301,1300.9718935489655,0.0,1736329912.9835606,,1.044523833115818e-05,1.0,0.001,1,16,40x40,PrototypicalNetwork,5,5,Egyptian,miniImageNet_SOTA_trainSet,False,10,4000,2,exp1_permuted_src_datasets
302,1301.062418937683,0.0,1736329913.074086,,2.376341217313893e-05,1.0,0.001,1,16,40x40,PrototypicalNetwork,5,5,Egyptian,miniImageNet_SOTA_trainSet,False,10,4000,2,exp1_permuted_src_datasets
303,1301.2088668346405,0.0,1736329913.2205338,,1.1988633559667505e-05,1.0,0.001,1,16,40x40,PrototypicalNetwork,5,5,Egyptian,miniImageNet_SOTA_trainSet,False,10,4000,2,exp1_permuted_src_datasets
304,1301.3089261054993,0.0,1736329913.320593,,2.8353630113997497e-05,1.0,0.001,1,16,40x40,PrototypicalNetwork,5,5,Egyptian,miniImageNet_SOTA_trainSet,False,10,4000,2,exp1_permuted_src_datasets
305,1301.4175219535828,0.0,1736329913.429189,,7.388631638605148e-05,1.0,0.001,1,16,40x40,PrototypicalNetwork,5,5,Egyptian,miniImageNet_SOTA_trainSet,False,10,4000,2,exp1_permuted_src_datasets
306,1301.5004043579102,0.0,1736329913.5120714,,3.291731627541594e-05,1.0,0.001,1,16,40x40,PrototypicalNetwork,5,5,Egyptian,miniImageNet_SOTA_trainSet,False,10,4000,2,exp1_permuted_src_datasets
307,1301.5833270549774,0.0,1736329913.594994,,1.7533779100631364e-05,1.0,0.001,1,16,40x40,PrototypicalNetwork,5,5,Egyptian,miniImageNet_SOTA_trainSet,False,10,4000,2,exp1_permuted_src_datasets
308,1301.6660537719727,0.0,1736329913.6777208,,1.897216498036869e-05,1.0,0.001,1,16,40x40,PrototypicalNetwork,5,5,Egyptian,miniImageNet_SOTA_trainSet,False,10,4000,2,exp1_permuted_src_datasets
309,1301.7507629394531,0.0,1736329913.76243,,2.5132972950814292e-05,1.0,0.001,1,16,40x40,PrototypicalNetwork,5,5,Egyptian,miniImageNet_SOTA_trainSet,False,10,4000,2,exp1_permuted_src_datasets
310,1301.8368878364563,0.0,1736329913.8485548,,2.4766084607108496e-05,1.0,0.001,1,16,40x40,PrototypicalNetwork,5,5,Egyptian,miniImageNet_SOTA_trainSet,False,10,4000,2,exp1_permuted_src_datasets
311,1301.9715988636017,0.0,1736329913.9832659,,1.5825062291696668e-05,1.0,0.001,1,16,40x40,PrototypicalNetwork,5,5,Egyptian,miniImageNet_SOTA_trainSet,False,10,4000,2,exp1_permuted_src_datasets
312,1302.0746772289276,0.0,1736329914.0863442,,1.6465317457914352e-05,1.0,0.001,1,16,40x40,PrototypicalNetwork,5,5,Egyptian,miniImageNet_SOTA_trainSet,False,10,4000,2,exp1_permuted_src_datasets
313,1302.1950073242188,0.0,1736329914.2066743,,1.0145721716980916e-05,1.0,0.001,1,16,40x40,PrototypicalNetwork,5,5,Egyptian,miniImageNet_SOTA_trainSet,False,10,4000,2,exp1_permuted_src_datasets
314,1302.2974290847778,0.0,1736329914.309096,,4.4103930122219026e-05,1.0,0.001,1,16,40x40,PrototypicalNetwork,5,5,Egyptian,miniImageNet_SOTA_trainSet,False,10,4000,2,exp1_permuted_src_datasets
315,1302.39306306839,0.0,1736329914.40473,,1.1868180081364699e-05,1.0,0.001,1,16,40x40,PrototypicalNetwork,5,5,Egyptian,miniImageNet_SOTA_trainSet,False,10,4000,2,exp1_permuted_src_datasets
316,1557.8493571281433,0.0,1736330169.8610241,0.8692000017166138,,,0.001,1,16,40x40,PrototypicalNetwork,5,5,Egyptian,miniImageNet_SOTA_trainSet,False,10,4000,2,exp1_permuted_src_datasets
317,1557.9599347114563,0.0,1736330169.9716017,,2.077101635222789e-05,1.0,0.001,1,16,40x40,PrototypicalNetwork,5,5,Egyptian,miniImageNet_SOTA_trainSet,False,10,4000,2,exp1_permuted_src_datasets
318,1558.0705037117004,0.0,1736330170.0821707,,1.9535378669388592e-05,1.0,0.001,1,16,40x40,PrototypicalNetwork,5,5,Egyptian,miniImageNet_SOTA_trainSet,False,10,4000,2,exp1_permuted_src_datasets
319,1558.1777946949005,0.0,1736330170.1894617,,2.6544288630248047e-05,1.0,0.001,1,16,40x40,PrototypicalNetwork,5,5,Egyptian,miniImageNet_SOTA_trainSet,False,10,4000,2,exp1_permuted_src_datasets
320,1558.2652649879456,0.0,1736330170.276932,,1.1644377991615329e-05,1.0,0.001,1,16,40x40,PrototypicalNetwork,5,5,Egyptian,miniImageNet_SOTA_trainSet,False,10,4000,2,exp1_permuted_src_datasets
321,1558.3509359359741,0.0,1736330170.362603,,2.6815998353413306e-05,1.0,0.001,1,16,40x40,PrototypicalNetwork,5,5,Egyptian,miniImageNet_SOTA_trainSet,False,10,4000,2,exp1_permuted_src_datasets
322,1558.4430441856384,0.0,1736330170.4547112,,2.989074528159108e-05,1.0,0.001,1,16,40x40,PrototypicalNetwork,5,5,Egyptian,miniImageNet_SOTA_trainSet,False,10,4000,2,exp1_permuted_src_datasets
323,1558.532943725586,0.0,1736330170.5446107,,3.7998757761670277e-05,1.0,0.001,1,16,40x40,PrototypicalNetwork,5,5,Egyptian,miniImageNet_SOTA_trainSet,False,10,4000,2,exp1_permuted_src_datasets
324,1558.6168172359467,0.0,1736330170.6284842,,3.632541483966634e-05,1.0,0.001,1,16,40x40,PrototypicalNetwork,5,5,Egyptian,miniImageNet_SOTA_trainSet,False,10,4000,2,exp1_permuted_src_datasets
325,1558.715441942215,0.0,1736330170.727109,,2.135553404514212e-05,1.0,0.001,1,16,40x40,PrototypicalNetwork,5,5,Egyptian,miniImageNet_SOTA_trainSet,False,10,4000,2,exp1_permuted_src_datasets
326,1558.8020825386047,0.0,1736330170.8137496,,1.3747005141340196e-05,1.0,0.001,1,16,40x40,PrototypicalNetwork,5,5,Egyptian,miniImageNet_SOTA_trainSet,False,10,4000,2,exp1_permuted_src_datasets
327,1558.898159980774,0.0,1736330170.909827,,9.223482629749924e-05,1.0,0.001,1,16,40x40,PrototypicalNetwork,5,5,Egyptian,miniImageNet_SOTA_trainSet,False,10,4000,2,exp1_permuted_src_datasets
328,1558.988839149475,0.0,1736330171.0005062,,1.766268724168185e-05,1.0,0.001,1,16,40x40,PrototypicalNetwork,5,5,Egyptian,miniImageNet_SOTA_trainSet,False,10,4000,2,exp1_permuted_src_datasets
329,1559.0772187709808,0.0,1736330171.0888858,,1.1822041415143758e-05,1.0,0.001,1,16,40x40,PrototypicalNetwork,5,5,Egyptian,miniImageNet_SOTA_trainSet,False,10,4000,2,exp1_permuted_src_datasets
330,1559.175311088562,0.0,1736330171.186978,,2.937161480076611e-05,1.0,0.001,1,16,40x40,PrototypicalNetwork,5,5,Egyptian,miniImageNet_SOTA_trainSet,False,10,4000,2,exp1_permuted_src_datasets
331,1559.2606675624847,0.0,1736330171.2723346,,1.8408190953778103e-05,1.0,0.001,1,16,40x40,PrototypicalNetwork,5,5,Egyptian,miniImageNet_SOTA_trainSet,False,10,4000,2,exp1_permuted_src_datasets
332,1559.343762397766,0.0,1736330171.3554294,,2.0612742446246557e-05,1.0,0.001,1,16,40x40,PrototypicalNetwork,5,5,Egyptian,miniImageNet_SOTA_trainSet,False,10,4000,2,exp1_permuted_src_datasets
333,1559.4299824237823,0.0,1736330171.4416494,,1.2772482477885205e-05,1.0,0.001,1,16,40x40,PrototypicalNetwork,5,5,Egyptian,miniImageNet_SOTA_trainSet,False,10,4000,2,exp1_permuted_src_datasets
334,1559.5278334617615,0.0,1736330171.5395005,,2.5183524485328235e-05,1.0,0.001,1,16,40x40,PrototypicalNetwork,5,5,Egyptian,miniImageNet_SOTA_trainSet,False,10,4000,2,exp1_permuted_src_datasets
335,1559.6288528442383,0.0,1736330171.6405199,,1.8902141164289787e-05,1.0,0.001,1,16,40x40,PrototypicalNetwork,5,5,Egyptian,miniImageNet_SOTA_trainSet,False,10,4000,2,exp1_permuted_src_datasets
336,1559.7137010097504,0.0,1736330171.725368,,1.1129232916573528e-05,1.0,0.001,1,16,40x40,PrototypicalNetwork,5,5,Egyptian,miniImageNet_SOTA_trainSet,False,10,4000,2,exp1_permuted_src_datasets
337,1559.8007199764252,0.0,1736330171.812387,,1.6278614566545002e-05,1.0,0.001,1,16,40x40,PrototypicalNetwork,5,5,Egyptian,miniImageNet_SOTA_trainSet,False,10,4000,2,exp1_permuted_src_datasets
338,1559.8870406150818,0.0,1736330171.8987076,,5.458139185066102e-06,1.0,0.001,1,16,40x40,PrototypicalNetwork,5,5,Egyptian,miniImageNet_SOTA_trainSet,False,10,4000,2,exp1_permuted_src_datasets
339,1559.9705288410187,0.0,1736330171.9821959,,2.808309182000812e-05,1.0,0.001,1,16,40x40,PrototypicalNetwork,5,5,Egyptian,miniImageNet_SOTA_trainSet,False,10,4000,2,exp1_permuted_src_datasets
340,1560.0858371257782,0.0,1736330172.0975041,,3.6739817005582154e-05,1.0,0.001,1,16,40x40,PrototypicalNetwork,5,5,Egyptian,miniImageNet_SOTA_trainSet,False,10,4000,2,exp1_permuted_src_datasets
341,1560.1789765357971,0.0,1736330172.1906435,,1.9367202185094357e-05,1.0,0.001,1,16,40x40,PrototypicalNetwork,5,5,Egyptian,miniImageNet_SOTA_trainSet,False,10,4000,2,exp1_permuted_src_datasets
342,1560.2732598781586,0.0,1736330172.284927,,2.7100506486021914e-05,1.0,0.001,1,16,40x40,PrototypicalNetwork,5,5,Egyptian,miniImageNet_SOTA_trainSet,False,10,4000,2,exp1_permuted_src_datasets
343,1560.3711848258972,0.0,1736330172.3828518,,1.4948949683457613e-05,1.0,0.001,1,16,40x40,PrototypicalNetwork,5,5,Egyptian,miniImageNet_SOTA_trainSet,False,10,4000,2,exp1_permuted_src_datasets
344,1560.4594321250916,0.0,1736330172.4710991,,2.0126597519265488e-05,1.0,0.001,1,16,40x40,PrototypicalNetwork,5,5,Egyptian,miniImageNet_SOTA_trainSet,False,10,4000,2,exp1_permuted_src_datasets
345,1560.5572757720947,0.0,1736330172.5689428,,2.5760895368875936e-05,1.0,0.001,1,16,40x40,PrototypicalNetwork,5,5,Egyptian,miniImageNet_SOTA_trainSet,False,10,4000,2,exp1_permuted_src_datasets
346,1560.6512422561646,0.0,1736330172.6629093,,2.05972719413694e-05,1.0,0.001,1,16,40x40,PrototypicalNetwork,5,5,Egyptian,miniImageNet_SOTA_trainSet,False,10,4000,2,exp1_permuted_src_datasets
347,1560.7691533565521,0.0,1736330172.7808204,,1.4293696949607693e-05,1.0,0.001,1,16,40x40,PrototypicalNetwork,5,5,Egyptian,miniImageNet_SOTA_trainSet,False,10,4000,2,exp1_permuted_src_datasets
348,1560.8538479804993,0.0,1736330172.865515,,1.6412204786320217e-05,1.0,0.001,1,16,40x40,PrototypicalNetwork,5,5,Egyptian,miniImageNet_SOTA_trainSet,False,10,4000,2,exp1_permuted_src_datasets
349,1560.9411339759827,0.0,1736330172.952801,,3.4410673833917826e-05,1.0,0.001,1,16,40x40,PrototypicalNetwork,5,5,Egyptian,miniImageNet_SOTA_trainSet,False,10,4000,2,exp1_permuted_src_datasets
350,1561.023003578186,0.0,1736330173.0346706,,1.1657096365524922e-05,1.0,0.001,1,16,40x40,PrototypicalNetwork,5,5,Egyptian,miniImageNet_SOTA_trainSet,False,10,4000,2,exp1_permuted_src_datasets
351,1561.1071927547455,0.0,1736330173.1188598,,2.601935739221517e-05,1.0,0.001,1,16,40x40,PrototypicalNetwork,5,5,Egyptian,miniImageNet_SOTA_trainSet,False,10,4000,2,exp1_permuted_src_datasets
352,1561.1899528503418,0.0,1736330173.2016199,,3.300772004877217e-05,1.0,0.001,1,16,40x40,PrototypicalNetwork,5,5,Egyptian,miniImageNet_SOTA_trainSet,False,10,4000,2,exp1_permuted_src_datasets
353,1561.281189918518,0.0,1736330173.292857,,1.5008854461484589e-05,1.0,0.001,1,16,40x40,PrototypicalNetwork,5,5,Egyptian,miniImageNet_SOTA_trainSet,False,10,4000,2,exp1_permuted_src_datasets
354,1561.383064508438,0.0,1736330173.3947315,,1.8920254660770297e-05,1.0,0.001,1,16,40x40,PrototypicalNetwork,5,5,Egyptian,miniImageNet_SOTA_trainSet,False,10,4000,2,exp1_permuted_src_datasets
355,1561.4927849769592,0.0,1736330173.504452,,1.2575704204209615e-05,1.0,0.001,1,16,40x40,PrototypicalNetwork,5,5,Egyptian,miniImageNet_SOTA_trainSet,False,10,4000,2,exp1_permuted_src_datasets
356,1561.593552827835,0.0,1736330173.6052198,,2.7713453164324164e-05,1.0,0.001,1,16,40x40,PrototypicalNetwork,5,5,Egyptian,miniImageNet_SOTA_trainSet,False,10,4000,2,exp1_permuted_src_datasets
357,1561.7083914279938,0.0,1736330173.7200584,,0.00011000232916558161,1.0,0.001,1,16,40x40,PrototypicalNetwork,5,5,Egyptian,miniImageNet_SOTA_trainSet,False,10,4000,2,exp1_permuted_src_datasets
358,1561.7972712516785,0.0,1736330173.8089383,,2.6903140678768978e-05,1.0,0.001,1,16,40x40,PrototypicalNetwork,5,5,Egyptian,miniImageNet_SOTA_trainSet,False,10,4000,2,exp1_permuted_src_datasets
359,1561.8865547180176,0.0,1736330173.8982217,,1.913954838528298e-05,1.0,0.001,1,16,40x40,PrototypicalNetwork,5,5,Egyptian,miniImageNet_SOTA_trainSet,False,10,4000,2,exp1_permuted_src_datasets
360,1561.9728181362152,0.0,1736330173.9844851,,1.7973272406379692e-05,1.0,0.001,1,16,40x40,PrototypicalNetwork,5,5,Egyptian,miniImageNet_SOTA_trainSet,False,10,4000,2,exp1_permuted_src_datasets
361,1562.0736076831818,0.0,1736330174.0852747,,2.1051821022410877e-05,1.0,0.001,1,16,40x40,PrototypicalNetwork,5,5,Egyptian,miniImageNet_SOTA_trainSet,False,10,4000,2,exp1_permuted_src_datasets
362,1562.179134130478,0.0,1736330174.1908011,,1.2456500371627044e-05,1.0,0.001,1,16,40x40,PrototypicalNetwork,5,5,Egyptian,miniImageNet_SOTA_trainSet,False,10,4000,2,exp1_permuted_src_datasets
363,1562.2847836017609,0.0,1736330174.2964506,,7.983825526025612e-06,1.0,0.001,1,16,40x40,PrototypicalNetwork,5,5,Egyptian,miniImageNet_SOTA_trainSet,False,10,4000,2,exp1_permuted_src_datasets
364,1562.3738675117493,0.0,1736330174.3855345,,5.346881880541332e-05,1.0,0.001,1,16,40x40,PrototypicalNetwork,5,5,Egyptian,miniImageNet_SOTA_trainSet,False,10,4000,2,exp1_permuted_src_datasets
365,1562.4640593528748,0.0,1736330174.4757264,,3.7329689803300425e-05,1.0,0.001,1,16,40x40,PrototypicalNetwork,5,5,Egyptian,miniImageNet_SOTA_trainSet,False,10,4000,2,exp1_permuted_src_datasets
366,1562.5749883651733,0.0,1736330174.5866554,,8.67191374709364e-06,1.0,0.001,1,16,40x40,PrototypicalNetwork,5,5,Egyptian,miniImageNet_SOTA_trainSet,False,10,4000,2,exp1_permuted_src_datasets
367,1562.6659648418427,0.0,1736330174.6776319,,1.5061996236909181e-05,1.0,0.001,1,16,40x40,PrototypicalNetwork,5,5,Egyptian,miniImageNet_SOTA_trainSet,False,10,4000,2,exp1_permuted_src_datasets
368,1562.752762079239,0.0,1736330174.764429,,1.0533187378314324e-05,1.0,0.001,1,16,40x40,PrototypicalNetwork,5,5,Egyptian,miniImageNet_SOTA_trainSet,False,10,4000,2,exp1_permuted_src_datasets
369,1562.8443698883057,0.0,1736330174.856037,,5.236166089161998e-06,1.0,0.001,1,16,40x40,PrototypicalNetwork,5,5,Egyptian,miniImageNet_SOTA_trainSet,False,10,4000,2,exp1_permuted_src_datasets
370,1562.9570715427399,0.0,1736330174.9687386,,1.6026384400902316e-05,1.0,0.001,1,16,40x40,PrototypicalNetwork,5,5,Egyptian,miniImageNet_SOTA_trainSet,False,10,4000,2,exp1_permuted_src_datasets
371,1563.0500650405884,0.0,1736330175.061732,,1.1425381671870127e-05,1.0,0.001,1,16,40x40,PrototypicalNetwork,5,5,Egyptian,miniImageNet_SOTA_trainSet,False,10,4000,2,exp1_permuted_src_datasets
372,1563.1464042663574,0.0,1736330175.1580713,,2.116014002240263e-05,1.0,0.001,1,16,40x40,PrototypicalNetwork,5,5,Egyptian,miniImageNet_SOTA_trainSet,False,10,4000,2,exp1_permuted_src_datasets
373,1563.2347507476807,0.0,1736330175.2464178,,2.1073074094601907e-05,1.0,0.001,1,16,40x40,PrototypicalNetwork,5,5,Egyptian,miniImageNet_SOTA_trainSet,False,10,4000,2,exp1_permuted_src_datasets
374,1563.324800491333,0.0,1736330175.3364675,,7.484132947865874e-05,1.0,0.001,1,16,40x40,PrototypicalNetwork,5,5,Egyptian,miniImageNet_SOTA_trainSet,False,10,4000,2,exp1_permuted_src_datasets
375,1563.426685810089,0.0,1736330175.4383528,,9.606358617020305e-06,1.0,0.001,1,16,40x40,PrototypicalNetwork,5,5,Egyptian,miniImageNet_SOTA_trainSet,False,10,4000,2,exp1_permuted_src_datasets
376,1563.545839548111,0.0,1736330175.5575066,,1.0273891348333564e-05,1.0,0.001,1,16,40x40,PrototypicalNetwork,5,5,Egyptian,miniImageNet_SOTA_trainSet,False,10,4000,2,exp1_permuted_src_datasets
377,1563.638612985611,0.0,1736330175.65028,,1.6818958101794124e-05,1.0,0.001,1,16,40x40,PrototypicalNetwork,5,5,Egyptian,miniImageNet_SOTA_trainSet,False,10,4000,2,exp1_permuted_src_datasets
378,1563.723414182663,0.0,1736330175.7350812,,1.1430910490162205e-05,1.0,0.001,1,16,40x40,PrototypicalNetwork,5,5,Egyptian,miniImageNet_SOTA_trainSet,False,10,4000,2,exp1_permuted_src_datasets
379,1818.2464458942413,0.0,1736330430.258113,0.8699999990463256,,,0.001,1,16,40x40,PrototypicalNetwork,5,5,Egyptian,miniImageNet_SOTA_trainSet,False,10,4000,2,exp1_permuted_src_datasets
380,1818.3303203582764,0.0,1736330430.3419874,,1.1929330867133103e-05,1.0,0.001,1,16,40x40,PrototypicalNetwork,5,5,Egyptian,miniImageNet_SOTA_trainSet,False,10,4000,2,exp1_permuted_src_datasets
381,1818.4233078956604,0.0,1736330430.434975,,9.780487744137645e-06,1.0,0.001,1,16,40x40,PrototypicalNetwork,5,5,Egyptian,miniImageNet_SOTA_trainSet,False,10,4000,2,exp1_permuted_src_datasets
382,1818.518508195877,0.0,1736330430.5301752,,5.634063927573152e-05,1.0,0.001,1,16,40x40,PrototypicalNetwork,5,5,Egyptian,miniImageNet_SOTA_trainSet,False,10,4000,2,exp1_permuted_src_datasets
383,1818.6159453392029,0.0,1736330430.6276124,,1.0650602234818507e-05,1.0,0.001,1,16,40x40,PrototypicalNetwork,5,5,Egyptian,miniImageNet_SOTA_trainSet,False,10,4000,2,exp1_permuted_src_datasets
384,1818.7139558792114,0.0,1736330430.725623,,2.0830999346799217e-05,1.0,0.001,1,16,40x40,PrototypicalNetwork,5,5,Egyptian,miniImageNet_SOTA_trainSet,False,10,4000,2,exp1_permuted_src_datasets
385,1818.8125433921814,0.0,1736330430.8242104,,3.072773324674927e-05,1.0,0.001,1,16,40x40,PrototypicalNetwork,5,5,Egyptian,miniImageNet_SOTA_trainSet,False,10,4000,2,exp1_permuted_src_datasets
386,1818.9018850326538,0.0,1736330430.913552,,1.134514604927972e-05,1.0,0.001,1,16,40x40,PrototypicalNetwork,5,5,Egyptian,miniImageNet_SOTA_trainSet,False,10,4000,2,exp1_permuted_src_datasets
387,1819.0095489025116,0.0,1736330431.021216,,1.3401137039181776e-05,1.0,0.001,1,16,40x40,PrototypicalNetwork,5,5,Egyptian,miniImageNet_SOTA_trainSet,False,10,4000,2,exp1_permuted_src_datasets
388,1819.1020486354828,0.0,1736330431.1137156,,1.5207302567432635e-05,1.0,0.001,1,16,40x40,PrototypicalNetwork,5,5,Egyptian,miniImageNet_SOTA_trainSet,False,10,4000,2,exp1_permuted_src_datasets
389,1819.1984930038452,0.0,1736330431.21016,,1.7779886547941715e-05,1.0,0.001,1,16,40x40,PrototypicalNetwork,5,5,Egyptian,miniImageNet_SOTA_trainSet,False,10,4000,2,exp1_permuted_src_datasets
390,1819.283142566681,0.0,1736330431.2948096,,1.0458575161464978e-05,1.0,0.001,1,16,40x40,PrototypicalNetwork,5,5,Egyptian,miniImageNet_SOTA_trainSet,False,10,4000,2,exp1_permuted_src_datasets
391,1819.3788273334503,0.0,1736330431.3904943,,9.859625606623013e-06,1.0,0.001,1,16,40x40,PrototypicalNetwork,5,5,Egyptian,miniImageNet_SOTA_trainSet,False,10,4000,2,exp1_permuted_src_datasets
392,1819.4832646846771,0.0,1736330431.4949317,,7.93757317296695e-06,1.0,0.001,1,16,40x40,PrototypicalNetwork,5,5,Egyptian,miniImageNet_SOTA_trainSet,False,10,4000,2,exp1_permuted_src_datasets
393,1819.6036643981934,0.0,1736330431.6153314,,1.9421921024331823e-05,1.0,0.001,1,16,40x40,PrototypicalNetwork,5,5,Egyptian,miniImageNet_SOTA_trainSet,False,10,4000,2,exp1_permuted_src_datasets
394,1819.6950600147247,0.0,1736330431.706727,,2.4145700081135146e-05,1.0,0.001,1,16,40x40,PrototypicalNetwork,5,5,Egyptian,miniImageNet_SOTA_trainSet,False,10,4000,2,exp1_permuted_src_datasets
395,1819.823579788208,0.0,1736330431.8352468,,4.154857379035093e-05,1.0,0.001,1,16,40x40,PrototypicalNetwork,5,5,Egyptian,miniImageNet_SOTA_trainSet,False,10,4000,2,exp1_permuted_src_datasets
396,1819.9416391849518,0.0,1736330431.9533062,,2.092708928103093e-05,1.0,0.001,1,16,40x40,PrototypicalNetwork,5,5,Egyptian,miniImageNet_SOTA_trainSet,False,10,4000,2,exp1_permuted_src_datasets
397,1820.0526447296143,0.0,1736330432.0643117,,1.2425231034285389e-05,1.0,0.001,1,16,40x40,PrototypicalNetwork,5,5,Egyptian,miniImageNet_SOTA_trainSet,False,10,4000,2,exp1_permuted_src_datasets
398,1820.172930240631,0.0,1736330432.1845973,,1.4387062037712894e-05,1.0,0.001,1,16,40x40,PrototypicalNetwork,5,5,Egyptian,miniImageNet_SOTA_trainSet,False,10,4000,2,exp1_permuted_src_datasets
399,1820.2886712551117,0.0,1736330432.3003383,,1.6330362996086478e-05,1.0,0.001,1,16,40x40,PrototypicalNetwork,5,5,Egyptian,miniImageNet_SOTA_trainSet,False,10,4000,2,exp1_permuted_src_datasets
400,1820.3977415561676,0.0,1736330432.4094086,,1.6086356481537223e-05,1.0,0.001,1,16,40x40,PrototypicalNetwork,5,5,Egyptian,miniImageNet_SOTA_trainSet,False,10,4000,2,exp1_permuted_src_datasets
401,1820.5084910392761,0.0,1736330432.520158,,1.2424627129803412e-05,1.0,0.001,1,16,40x40,PrototypicalNetwork,5,5,Egyptian,miniImageNet_SOTA_trainSet,False,10,4000,2,exp1_permuted_src_datasets
402,1820.6090259552002,0.0,1736330432.620693,,1.2130459253967274e-05,1.0,0.001,1,16,40x40,PrototypicalNetwork,5,5,Egyptian,miniImageNet_SOTA_trainSet,False,10,4000,2,exp1_permuted_src_datasets
403,1820.7093107700348,0.0,1736330432.7209778,,1.853681715147104e-05,1.0,0.001,1,16,40x40,PrototypicalNetwork,5,5,Egyptian,miniImageNet_SOTA_trainSet,False,10,4000,2,exp1_permuted_src_datasets
404,1820.8105442523956,0.0,1736330432.8222113,,1.514171435701428e-05,1.0,0.001,1,16,40x40,PrototypicalNetwork,5,5,Egyptian,miniImageNet_SOTA_trainSet,False,10,4000,2,exp1_permuted_src_datasets
405,1820.9100410938263,0.0,1736330432.921708,,2.8985439712414518e-05,1.0,0.001,1,16,40x40,PrototypicalNetwork,5,5,Egyptian,miniImageNet_SOTA_trainSet,False,10,4000,2,exp1_permuted_src_datasets
406,1820.995237827301,0.0,1736330433.0069048,,1.7392416339134797e-05,1.0,0.001,1,16,40x40,PrototypicalNetwork,5,5,Egyptian,miniImageNet_SOTA_trainSet,False,10,4000,2,exp1_permuted_src_datasets
407,1821.0795691013336,0.0,1736330433.091236,,8.893344784155488e-06,1.0,0.001,1,16,40x40,PrototypicalNetwork,5,5,Egyptian,miniImageNet_SOTA_trainSet,False,10,4000,2,exp1_permuted_src_datasets
408,1821.177389383316,0.0,1736330433.1890564,,1.5978566807461902e-05,1.0,0.001,1,16,40x40,PrototypicalNetwork,5,5,Egyptian,miniImageNet_SOTA_trainSet,False,10,4000,2,exp1_permuted_src_datasets
409,1821.2620029449463,0.0,1736330433.27367,,1.3363527614274062e-05,1.0,0.001,1,16,40x40,PrototypicalNetwork,5,5,Egyptian,miniImageNet_SOTA_trainSet,False,10,4000,2,exp1_permuted_src_datasets
410,1821.3449037075043,0.0,1736330433.3565707,,5.861987574462546e-06,1.0,0.001,1,16,40x40,PrototypicalNetwork,5,5,Egyptian,miniImageNet_SOTA_trainSet,False,10,4000,2,exp1_permuted_src_datasets
411,1821.4301478862762,0.0,1736330433.441815,,6.805084012739826e-06,1.0,0.001,1,16,40x40,PrototypicalNetwork,5,5,Egyptian,miniImageNet_SOTA_trainSet,False,10,4000,2,exp1_permuted_src_datasets
412,1821.5179443359375,0.0,1736330433.5296113,,2.6092526240972802e-05,1.0,0.001,1,16,40x40,PrototypicalNetwork,5,5,Egyptian,miniImageNet_SOTA_trainSet,False,10,4000,2,exp1_permuted_src_datasets
413,1821.6086432933807,0.0,1736330433.6203103,,1.3043376384302974e-05,1.0,0.001,1,16,40x40,PrototypicalNetwork,5,5,Egyptian,miniImageNet_SOTA_trainSet,False,10,4000,2,exp1_permuted_src_datasets
414,1821.7185096740723,0.0,1736330433.7301767,,1.452925516787218e-05,1.0,0.001,1,16,40x40,PrototypicalNetwork,5,5,Egyptian,miniImageNet_SOTA_trainSet,False,10,4000,2,exp1_permuted_src_datasets
415,1821.8212685585022,0.0,1736330433.8329356,,9.761328328750096e-06,1.0,0.001,1,16,40x40,PrototypicalNetwork,5,5,Egyptian,miniImageNet_SOTA_trainSet,False,10,4000,2,exp1_permuted_src_datasets
416,1821.9165570735931,0.0,1736330433.928224,,2.131128348992206e-05,1.0,0.001,1,16,40x40,PrototypicalNetwork,5,5,Egyptian,miniImageNet_SOTA_trainSet,False,10,4000,2,exp1_permuted_src_datasets
417,1822.014310836792,0.0,1736330434.0259778,,8.940348379837815e-06,1.0,0.001,1,16,40x40,PrototypicalNetwork,5,5,Egyptian,miniImageNet_SOTA_trainSet,False,10,4000,2,exp1_permuted_src_datasets
418,1822.1008703708649,0.0,1736330434.1125374,,1.645320480747614e-05,1.0,0.001,1,16,40x40,PrototypicalNetwork,5,5,Egyptian,miniImageNet_SOTA_trainSet,False,10,4000,2,exp1_permuted_src_datasets
419,1822.1863677501678,0.0,1736330434.1980348,,1.0206310435023624e-05,1.0,0.001,1,16,40x40,PrototypicalNetwork,5,5,Egyptian,miniImageNet_SOTA_trainSet,False,10,4000,2,exp1_permuted_src_datasets
420,1822.269421339035,0.0,1736330434.2810884,,9.575126568961423e-06,1.0,0.001,1,16,40x40,PrototypicalNetwork,5,5,Egyptian,miniImageNet_SOTA_trainSet,False,10,4000,2,exp1_permuted_src_datasets
421,1822.3529706001282,0.0,1736330434.3646376,,2.2306074242806062e-05,1.0,0.001,1,16,40x40,PrototypicalNetwork,5,5,Egyptian,miniImageNet_SOTA_trainSet,False,10,4000,2,exp1_permuted_src_datasets
422,1822.4510509967804,0.0,1736330434.462718,,8.621339475212153e-06,1.0,0.001,1,16,40x40,PrototypicalNetwork,5,5,Egyptian,miniImageNet_SOTA_trainSet,False,10,4000,2,exp1_permuted_src_datasets
423,1822.5560884475708,0.0,1736330434.5677555,,3.4353059163549915e-05,1.0,0.001,1,16,40x40,PrototypicalNetwork,5,5,Egyptian,miniImageNet_SOTA_trainSet,False,10,4000,2,exp1_permuted_src_datasets
424,1822.6733422279358,0.0,1736330434.6850092,,1.6329140635207295e-05,1.0,0.001,1,16,40x40,PrototypicalNetwork,5,5,Egyptian,miniImageNet_SOTA_trainSet,False,10,4000,2,exp1_permuted_src_datasets
425,1822.77268242836,0.0,1736330434.7843494,,1.4702316548209637e-05,1.0,0.001,1,16,40x40,PrototypicalNetwork,5,5,Egyptian,miniImageNet_SOTA_trainSet,False,10,4000,2,exp1_permuted_src_datasets
426,1822.8681218624115,0.0,1736330434.8797889,,3.8403501093853265e-05,1.0,0.001,1,16,40x40,PrototypicalNetwork,5,5,Egyptian,miniImageNet_SOTA_trainSet,False,10,4000,2,exp1_permuted_src_datasets
427,1822.9632048606873,0.0,1736330434.9748719,,2.8421349270502105e-05,1.0,0.001,1,16,40x40,PrototypicalNetwork,5,5,Egyptian,miniImageNet_SOTA_trainSet,False,10,4000,2,exp1_permuted_src_datasets
428,1823.0516860485077,0.0,1736330435.063353,,1.1081572665716521e-05,1.0,0.001,1,16,40x40,PrototypicalNetwork,5,5,Egyptian,miniImageNet_SOTA_trainSet,False,10,4000,2,exp1_permuted_src_datasets
429,1823.1513316631317,0.0,1736330435.1629987,,1.4606657714466564e-05,1.0,0.001,1,16,40x40,PrototypicalNetwork,5,5,Egyptian,miniImageNet_SOTA_trainSet,False,10,4000,2,exp1_permuted_src_datasets
430,1823.2469854354858,0.0,1736330435.2586524,,1.0589879821054637e-05,1.0,0.001,1,16,40x40,PrototypicalNetwork,5,5,Egyptian,miniImageNet_SOTA_trainSet,False,10,4000,2,exp1_permuted_src_datasets
431,1823.3460757732391,0.0,1736330435.3577428,,1.3733600098930765e-05,1.0,0.001,1,16,40x40,PrototypicalNetwork,5,5,Egyptian,miniImageNet_SOTA_trainSet,False,10,4000,2,exp1_permuted_src_datasets
432,1823.428326368332,0.0,1736330435.4399934,,1.9280592823633924e-05,1.0,0.001,1,16,40x40,PrototypicalNetwork,5,5,Egyptian,miniImageNet_SOTA_trainSet,False,10,4000,2,exp1_permuted_src_datasets
433,1823.5231211185455,0.0,1736330435.5347881,,3.342331183375791e-05,1.0,0.001,1,16,40x40,PrototypicalNetwork,5,5,Egyptian,miniImageNet_SOTA_trainSet,False,10,4000,2,exp1_permuted_src_datasets
434,1823.6197307109833,0.0,1736330435.6313977,,4.445300146471709e-05,1.0,0.001,1,16,40x40,PrototypicalNetwork,5,5,Egyptian,miniImageNet_SOTA_trainSet,False,10,4000,2,exp1_permuted_src_datasets
435,1823.7198355197906,0.0,1736330435.7315025,,1.7477232177043334e-05,1.0,0.001,1,16,40x40,PrototypicalNetwork,5,5,Egyptian,miniImageNet_SOTA_trainSet,False,10,4000,2,exp1_permuted_src_datasets
436,1823.8399548530579,0.0,1736330435.8516219,,1.5215507119137328e-05,1.0,0.001,1,16,40x40,PrototypicalNetwork,5,5,Egyptian,miniImageNet_SOTA_trainSet,False,10,4000,2,exp1_permuted_src_datasets
437,1823.936472415924,0.0,1736330435.9481394,,1.0734192073869053e-05,1.0,0.001,1,16,40x40,PrototypicalNetwork,5,5,Egyptian,miniImageNet_SOTA_trainSet,False,10,4000,2,exp1_permuted_src_datasets
438,1824.0203657150269,0.0,1736330436.0320327,,1.1147097211505752e-05,1.0,0.001,1,16,40x40,PrototypicalNetwork,5,5,Egyptian,miniImageNet_SOTA_trainSet,False,10,4000,2,exp1_permuted_src_datasets
439,1824.1151523590088,0.0,1736330436.1268194,,1.2941896784468554e-05,1.0,0.001,1,16,40x40,PrototypicalNetwork,5,5,Egyptian,miniImageNet_SOTA_trainSet,False,10,4000,2,exp1_permuted_src_datasets
440,1824.2088782787323,0.0,1736330436.2205453,,1.376203272229759e-05,1.0,0.001,1,16,40x40,PrototypicalNetwork,5,5,Egyptian,miniImageNet_SOTA_trainSet,False,10,4000,2,exp1_permuted_src_datasets
441,1824.2958719730377,0.0,1736330436.307539,,1.1998001355095766e-05,1.0,0.001,1,16,40x40,PrototypicalNetwork,5,5,Egyptian,miniImageNet_SOTA_trainSet,False,10,4000,2,exp1_permuted_src_datasets
442,2078.1980838775635,0.0,1736330690.209751,0.8756499996185303,,,0.001,1,16,40x40,PrototypicalNetwork,5,5,Egyptian,miniImageNet_SOTA_trainSet,False,10,4000,2,exp1_permuted_src_datasets
443,2078.289299726486,0.0,1736330690.3009667,,9.816511010285467e-06,1.0,0.001,1,16,40x40,PrototypicalNetwork,5,5,Egyptian,miniImageNet_SOTA_trainSet,False,10,4000,2,exp1_permuted_src_datasets
444,2078.4038429260254,0.0,1736330690.41551,,2.9145105145289563e-05,1.0,0.001,1,16,40x40,PrototypicalNetwork,5,5,Egyptian,miniImageNet_SOTA_trainSet,False,10,4000,2,exp1_permuted_src_datasets
445,2078.4994864463806,0.0,1736330690.5111535,,1.2236491784278769e-05,1.0,0.001,1,16,40x40,PrototypicalNetwork,5,5,Egyptian,miniImageNet_SOTA_trainSet,False,10,4000,2,exp1_permuted_src_datasets
446,2078.5907595157623,0.0,1736330690.6024265,,2.9281940442160703e-05,1.0,0.001,1,16,40x40,PrototypicalNetwork,5,5,Egyptian,miniImageNet_SOTA_trainSet,False,10,4000,2,exp1_permuted_src_datasets
447,2078.689245700836,0.0,1736330690.7009127,,6.522043349832529e-06,1.0,0.001,1,16,40x40,PrototypicalNetwork,5,5,Egyptian,miniImageNet_SOTA_trainSet,False,10,4000,2,exp1_permuted_src_datasets
448,2078.783631324768,0.0,1736330690.7952983,,1.9322244042996317e-05,1.0,0.001,1,16,40x40,PrototypicalNetwork,5,5,Egyptian,miniImageNet_SOTA_trainSet,False,10,4000,2,exp1_permuted_src_datasets
449,2078.875559568405,0.0,1736330690.8872266,,6.7619525907502975e-06,1.0,0.001,1,16,40x40,PrototypicalNetwork,5,5,Egyptian,miniImageNet_SOTA_trainSet,False,10,4000,2,exp1_permuted_src_datasets
450,2078.9615886211395,0.0,1736330690.9732556,,1.2254065950401127e-05,1.0,0.001,1,16,40x40,PrototypicalNetwork,5,5,Egyptian,miniImageNet_SOTA_trainSet,False,10,4000,2,exp1_permuted_src_datasets
451,2079.0456159114838,0.0,1736330691.057283,,2.0773364667547867e-05,1.0,0.001,1,16,40x40,PrototypicalNetwork,5,5,Egyptian,miniImageNet_SOTA_trainSet,False,10,4000,2,exp1_permuted_src_datasets
452,2079.1306285858154,0.0,1736330691.1422956,,3.661802475107834e-05,1.0,0.001,1,16,40x40,PrototypicalNetwork,5,5,Egyptian,miniImageNet_SOTA_trainSet,False,10,4000,2,exp1_permuted_src_datasets
453,2079.2170605659485,0.0,1736330691.2287276,,2.17653505387716e-05,1.0,0.001,1,16,40x40,PrototypicalNetwork,5,5,Egyptian,miniImageNet_SOTA_trainSet,False,10,4000,2,exp1_permuted_src_datasets
454,2079.3160016536713,0.0,1736330691.3276687,,1.3705476703762542e-05,1.0,0.001,1,16,40x40,PrototypicalNetwork,5,5,Egyptian,miniImageNet_SOTA_trainSet,False,10,4000,2,exp1_permuted_src_datasets
455,2079.439782857895,0.0,1736330691.4514499,,1.0857866072910838e-05,1.0,0.001,1,16,40x40,PrototypicalNetwork,5,5,Egyptian,miniImageNet_SOTA_trainSet,False,10,4000,2,exp1_permuted_src_datasets
456,2079.527074575424,0.0,1736330691.5387416,,2.234908788523171e-05,1.0,0.001,1,16,40x40,PrototypicalNetwork,5,5,Egyptian,miniImageNet_SOTA_trainSet,False,10,4000,2,exp1_permuted_src_datasets
457,2079.6193675994873,0.0,1736330691.6310346,,9.488753676123451e-06,1.0,0.001,1,16,40x40,PrototypicalNetwork,5,5,Egyptian,miniImageNet_SOTA_trainSet,False,10,4000,2,exp1_permuted_src_datasets
458,2079.7099058628082,0.0,1736330691.7215729,,1.3536649930756539e-05,1.0,0.001,1,16,40x40,PrototypicalNetwork,5,5,Egyptian,miniImageNet_SOTA_trainSet,False,10,4000,2,exp1_permuted_src_datasets
459,2079.797342300415,0.0,1736330691.8090093,,1.0472172107256483e-05,1.0,0.001,1,16,40x40,PrototypicalNetwork,5,5,Egyptian,miniImageNet_SOTA_trainSet,False,10,4000,2,exp1_permuted_src_datasets
460,2079.901839733124,0.0,1736330691.9135067,,4.6264198317658156e-05,1.0,0.001,1,16,40x40,PrototypicalNetwork,5,5,Egyptian,miniImageNet_SOTA_trainSet,False,10,4000,2,exp1_permuted_src_datasets
461,2079.992388486862,0.0,1736330692.0040555,,1.5312218238250352e-05,1.0,0.001,1,16,40x40,PrototypicalNetwork,5,5,Egyptian,miniImageNet_SOTA_trainSet,False,10,4000,2,exp1_permuted_src_datasets
462,2080.0790462493896,0.0,1736330692.0907133,,1.3829037015966605e-05,1.0,0.001,1,16,40x40,PrototypicalNetwork,5,5,Egyptian,miniImageNet_SOTA_trainSet,False,10,4000,2,exp1_permuted_src_datasets
463,2080.193005800247,0.0,1736330692.2046728,,1.459640589018818e-05,1.0,0.001,1,16,40x40,PrototypicalNetwork,5,5,Egyptian,miniImageNet_SOTA_trainSet,False,10,4000,2,exp1_permuted_src_datasets
464,2080.28075504303,0.0,1736330692.292422,,1.0713731171563268e-05,1.0,0.001,1,16,40x40,PrototypicalNetwork,5,5,Egyptian,miniImageNet_SOTA_trainSet,False,10,4000,2,exp1_permuted_src_datasets
465,2080.3635354042053,0.0,1736330692.3752024,,1.435354624845786e-05,1.0,0.001,1,16,40x40,PrototypicalNetwork,5,5,Egyptian,miniImageNet_SOTA_trainSet,False,10,4000,2,exp1_permuted_src_datasets
466,2080.4477701187134,0.0,1736330692.4594371,,8.624406291346531e-06,1.0,0.001,1,16,40x40,PrototypicalNetwork,5,5,Egyptian,miniImageNet_SOTA_trainSet,False,10,4000,2,exp1_permuted_src_datasets
467,2080.538788795471,0.0,1736330692.5504558,,1.3123889402777422e-05,1.0,0.001,1,16,40x40,PrototypicalNetwork,5,5,Egyptian,miniImageNet_SOTA_trainSet,False,10,4000,2,exp1_permuted_src_datasets
468,2080.6227655410767,0.0,1736330692.6344326,,1.3722115909331478e-05,1.0,0.001,1,16,40x40,PrototypicalNetwork,5,5,Egyptian,miniImageNet_SOTA_trainSet,False,10,4000,2,exp1_permuted_src_datasets
469,2080.706499814987,0.0,1736330692.7181668,,1.6092273654066958e-05,1.0,0.001,1,16,40x40,PrototypicalNetwork,5,5,Egyptian,miniImageNet_SOTA_trainSet,False,10,4000,2,exp1_permuted_src_datasets
470,2080.7961089611053,0.0,1736330692.807776,,1.2255263754923362e-05,1.0,0.001,1,16,40x40,PrototypicalNetwork,5,5,Egyptian,miniImageNet_SOTA_trainSet,False,10,4000,2,exp1_permuted_src_datasets
471,2080.8878977298737,0.0,1736330692.8995647,,1.8154696590499952e-05,1.0,0.001,1,16,40x40,PrototypicalNetwork,5,5,Egyptian,miniImageNet_SOTA_trainSet,False,10,4000,2,exp1_permuted_src_datasets
472,2080.9939806461334,0.0,1736330693.0056477,,6.79915592627367e-06,1.0,0.001,1,16,40x40,PrototypicalNetwork,5,5,Egyptian,miniImageNet_SOTA_trainSet,False,10,4000,2,exp1_permuted_src_datasets
473,2081.090892791748,0.0,1736330693.1025598,,9.439563655178063e-06,1.0,0.001,1,16,40x40,PrototypicalNetwork,5,5,Egyptian,miniImageNet_SOTA_trainSet,False,10,4000,2,exp1_permuted_src_datasets
474,2081.198461532593,0.0,1736330693.2101285,,1.2087154573237058e-05,1.0,0.001,1,16,40x40,PrototypicalNetwork,5,5,Egyptian,miniImageNet_SOTA_trainSet,False,10,4000,2,exp1_permuted_src_datasets
475,2081.3113565444946,0.0,1736330693.3230236,,9.572109775035642e-06,1.0,0.001,1,16,40x40,PrototypicalNetwork,5,5,Egyptian,miniImageNet_SOTA_trainSet,False,10,4000,2,exp1_permuted_src_datasets
476,2081.4132902622223,0.0,1736330693.4249573,,7.743875357846264e-06,1.0,0.001,1,16,40x40,PrototypicalNetwork,5,5,Egyptian,miniImageNet_SOTA_trainSet,False,10,4000,2,exp1_permuted_src_datasets
477,2081.522297859192,0.0,1736330693.5339649,,9.888794011203572e-06,1.0,0.001,1,16,40x40,PrototypicalNetwork,5,5,Egyptian,miniImageNet_SOTA_trainSet,False,10,4000,2,exp1_permuted_src_datasets
478,2081.611747980118,0.0,1736330693.623415,,9.421126378583722e-06,1.0,0.001,1,16,40x40,PrototypicalNetwork,5,5,Egyptian,miniImageNet_SOTA_trainSet,False,10,4000,2,exp1_permuted_src_datasets
479,2081.7038564682007,0.0,1736330693.7155235,,1.0694212505768519e-05,1.0,0.001,1,16,40x40,PrototypicalNetwork,5,5,Egyptian,miniImageNet_SOTA_trainSet,False,10,4000,2,exp1_permuted_src_datasets
480,2081.8084585666656,0.0,1736330693.8201256,,2.008032242883928e-05,1.0,0.001,1,16,40x40,PrototypicalNetwork,5,5,Egyptian,miniImageNet_SOTA_trainSet,False,10,4000,2,exp1_permuted_src_datasets
481,2081.8945298194885,0.0,1736330693.9061968,,5.948301804892253e-06,1.0,0.001,1,16,40x40,PrototypicalNetwork,5,5,Egyptian,miniImageNet_SOTA_trainSet,False,10,4000,2,exp1_permuted_src_datasets
482,2081.9777615070343,0.0,1736330693.9894285,,9.260531442123465e-06,1.0,0.001,1,16,40x40,PrototypicalNetwork,5,5,Egyptian,miniImageNet_SOTA_trainSet,False,10,4000,2,exp1_permuted_src_datasets
483,2082.063937187195,0.0,1736330694.0756042,,1.361532758892281e-05,1.0,0.001,1,16,40x40,PrototypicalNetwork,5,5,Egyptian,miniImageNet_SOTA_trainSet,False,10,4000,2,exp1_permuted_src_datasets
484,2082.1516857147217,0.0,1736330694.1633527,,1.4310769984149374e-05,1.0,0.001,1,16,40x40,PrototypicalNetwork,5,5,Egyptian,miniImageNet_SOTA_trainSet,False,10,4000,2,exp1_permuted_src_datasets
485,2082.243647813797,0.0,1736330694.2553148,,1.481967501604231e-05,1.0,0.001,1,16,40x40,PrototypicalNetwork,5,5,Egyptian,miniImageNet_SOTA_trainSet,False,10,4000,2,exp1_permuted_src_datasets
486,2082.3587322235107,0.0,1736330694.3703992,,1.4608044693886768e-05,1.0,0.001,1,16,40x40,PrototypicalNetwork,5,5,Egyptian,miniImageNet_SOTA_trainSet,False,10,4000,2,exp1_permuted_src_datasets
487,2082.442989587784,0.0,1736330694.4546566,,0.00010447966633364558,1.0,0.001,1,16,40x40,PrototypicalNetwork,5,5,Egyptian,miniImageNet_SOTA_trainSet,False,10,4000,2,exp1_permuted_src_datasets
488,2082.526881456375,0.0,1736330694.5385485,,6.972069058974739e-06,1.0,0.001,1,16,40x40,PrototypicalNetwork,5,5,Egyptian,miniImageNet_SOTA_trainSet,False,10,4000,2,exp1_permuted_src_datasets
489,2082.614143848419,0.0,1736330694.6258109,,2.2308444385998882e-05,1.0,0.001,1,16,40x40,PrototypicalNetwork,5,5,Egyptian,miniImageNet_SOTA_trainSet,False,10,4000,2,exp1_permuted_src_datasets
490,2082.698094367981,0.0,1736330694.7097614,,6.20019363850588e-06,1.0,0.001,1,16,40x40,PrototypicalNetwork,5,5,Egyptian,miniImageNet_SOTA_trainSet,False,10,4000,2,exp1_permuted_src_datasets
491,2082.782904624939,0.0,1736330694.7945716,,9.591606612957548e-06,1.0,0.001,1,16,40x40,PrototypicalNetwork,5,5,Egyptian,miniImageNet_SOTA_trainSet,False,10,4000,2,exp1_permuted_src_datasets
492,2082.881885766983,0.0,1736330694.8935528,,8.17739146441454e-06,1.0,0.001,1,16,40x40,PrototypicalNetwork,5,5,Egyptian,miniImageNet_SOTA_trainSet,False,10,4000,2,exp1_permuted_src_datasets
493,2082.979053258896,0.0,1736330694.9907203,,9.110111932386644e-06,1.0,0.001,1,16,40x40,PrototypicalNetwork,5,5,Egyptian,miniImageNet_SOTA_trainSet,False,10,4000,2,exp1_permuted_src_datasets
494,2083.065094470978,0.0,1736330695.0767615,,4.2482670323806815e-06,1.0,0.001,1,16,40x40,PrototypicalNetwork,5,5,Egyptian,miniImageNet_SOTA_trainSet,False,10,4000,2,exp1_permuted_src_datasets
495,2083.14967918396,0.0,1736330695.1613462,,3.735129939741455e-05,1.0,0.001,1,16,40x40,PrototypicalNetwork,5,5,Egyptian,miniImageNet_SOTA_trainSet,False,10,4000,2,exp1_permuted_src_datasets
496,2083.24480175972,0.0,1736330695.2564688,,1.8693968740990385e-05,1.0,0.001,1,16,40x40,PrototypicalNetwork,5,5,Egyptian,miniImageNet_SOTA_trainSet,False,10,4000,2,exp1_permuted_src_datasets
497,2083.343721628189,0.0,1736330695.3553886,,1.3758845852862578e-05,1.0,0.001,1,16,40x40,PrototypicalNetwork,5,5,Egyptian,miniImageNet_SOTA_trainSet,False,10,4000,2,exp1_permuted_src_datasets
498,2083.429400205612,0.0,1736330695.4410672,,5.522283572645392e-06,1.0,0.001,1,16,40x40,PrototypicalNetwork,5,5,Egyptian,miniImageNet_SOTA_trainSet,False,10,4000,2,exp1_permuted_src_datasets
499,2083.5378251075745,0.0,1736330695.5494921,,7.643933713552542e-06,1.0,0.001,1,16,40x40,PrototypicalNetwork,5,5,Egyptian,miniImageNet_SOTA_trainSet,False,10,4000,2,exp1_permuted_src_datasets
500,2083.650015115738,0.0,1736330695.6616821,,1.1932231245737057e-05,1.0,0.001,1,16,40x40,PrototypicalNetwork,5,5,Egyptian,miniImageNet_SOTA_trainSet,False,10,4000,2,exp1_permuted_src_datasets
501,2083.7343356609344,0.0,1736330695.7460027,,1.1689412531268317e-05,1.0,0.001,1,16,40x40,PrototypicalNetwork,5,5,Egyptian,miniImageNet_SOTA_trainSet,False,10,4000,2,exp1_permuted_src_datasets
502,2083.838941335678,0.0,1736330695.8506083,,4.118625838600565e-06,1.0,0.001,1,16,40x40,PrototypicalNetwork,5,5,Egyptian,miniImageNet_SOTA_trainSet,False,10,4000,2,exp1_permuted_src_datasets
503,2083.944810152054,0.0,1736330695.9564772,,5.127383701619692e-06,1.0,0.001,1,16,40x40,PrototypicalNetwork,5,5,Egyptian,miniImageNet_SOTA_trainSet,False,10,4000,2,exp1_permuted_src_datasets
504,2084.056923389435,0.0,1736330696.0685904,,7.049462965369457e-06,1.0,0.001,1,16,40x40,PrototypicalNetwork,5,5,Egyptian,miniImageNet_SOTA_trainSet,False,10,4000,2,exp1_permuted_src_datasets
505,2337.2755432128906,0.0,1736330949.2872102,0.8714500005245209,,,0.001,1,16,40x40,PrototypicalNetwork,5,5,Egyptian,miniImageNet_SOTA_trainSet,False,10,4000,2,exp1_permuted_src_datasets
506,2337.366683244705,0.0,1736330949.3783503,,3.528527258822578e-06,1.0,0.001,1,16,40x40,PrototypicalNetwork,5,5,Egyptian,miniImageNet_SOTA_trainSet,False,10,4000,2,exp1_permuted_src_datasets
507,2337.497914791107,0.0,1736330949.5095818,,1.0435731383040547e-05,1.0,0.001,1,16,40x40,PrototypicalNetwork,5,5,Egyptian,miniImageNet_SOTA_trainSet,False,10,4000,2,exp1_permuted_src_datasets
508,2337.5977318286896,0.0,1736330949.6093988,,1.1353977242833935e-05,1.0,0.001,1,16,40x40,PrototypicalNetwork,5,5,Egyptian,miniImageNet_SOTA_trainSet,False,10,4000,2,exp1_permuted_src_datasets
509,2337.7031269073486,0.0,1736330949.714794,,9.984325515688397e-06,1.0,0.001,1,16,40x40,PrototypicalNetwork,5,5,Egyptian,miniImageNet_SOTA_trainSet,False,10,4000,2,exp1_permuted_src_datasets
510,2337.7965745925903,0.0,1736330949.8082416,,1.3190830941312015e-05,1.0,0.001,1,16,40x40,PrototypicalNetwork,5,5,Egyptian,miniImageNet_SOTA_trainSet,False,10,4000,2,exp1_permuted_src_datasets
511,2337.896096229553,0.0,1736330949.9077632,,1.3023059182160068e-05,1.0,0.001,1,16,40x40,PrototypicalNetwork,5,5,Egyptian,miniImageNet_SOTA_trainSet,False,10,4000,2,exp1_permuted_src_datasets
512,2337.9819996356964,0.0,1736330949.9936666,,1.5810106560820714e-05,1.0,0.001,1,16,40x40,PrototypicalNetwork,5,5,Egyptian,miniImageNet_SOTA_trainSet,False,10,4000,2,exp1_permuted_src_datasets
513,2338.0960285663605,0.0,1736330950.1076956,,9.828412657952867e-06,1.0,0.001,1,16,40x40,PrototypicalNetwork,5,5,Egyptian,miniImageNet_SOTA_trainSet,False,10,4000,2,exp1_permuted_src_datasets
514,2338.1979722976685,0.0,1736330950.2096393,,6.732181645929813e-06,1.0,0.001,1,16,40x40,PrototypicalNetwork,5,5,Egyptian,miniImageNet_SOTA_trainSet,False,10,4000,2,exp1_permuted_src_datasets
515,2338.301961660385,0.0,1736330950.3136287,,1.058188354363665e-05,1.0,0.001,1,16,40x40,PrototypicalNetwork,5,5,Egyptian,miniImageNet_SOTA_trainSet,False,10,4000,2,exp1_permuted_src_datasets
516,2338.3961741924286,0.0,1736330950.4078412,,2.144854806829244e-05,1.0,0.001,1,16,40x40,PrototypicalNetwork,5,5,Egyptian,miniImageNet_SOTA_trainSet,False,10,4000,2,exp1_permuted_src_datasets
517,2338.486261367798,0.0,1736330950.4979284,,4.997728865419049e-06,1.0,0.001,1,16,40x40,PrototypicalNetwork,5,5,Egyptian,miniImageNet_SOTA_trainSet,False,10,4000,2,exp1_permuted_src_datasets
518,2338.571412086487,0.0,1736330950.583079,,2.2505855667986907e-05,1.0,0.001,1,16,40x40,PrototypicalNetwork,5,5,Egyptian,miniImageNet_SOTA_trainSet,False,10,4000,2,exp1_permuted_src_datasets
519,2338.671398639679,0.0,1736330950.6830657,,1.0132333045476116e-05,1.0,0.001,1,16,40x40,PrototypicalNetwork,5,5,Egyptian,miniImageNet_SOTA_trainSet,False,10,4000,2,exp1_permuted_src_datasets
520,2338.777334213257,0.0,1736330950.7890012,,9.07575486053247e-06,1.0,0.001,1,16,40x40,PrototypicalNetwork,5,5,Egyptian,miniImageNet_SOTA_trainSet,False,10,4000,2,exp1_permuted_src_datasets
521,2338.86962723732,0.0,1736330950.8812943,,8.129752131935675e-06,1.0,0.001,1,16,40x40,PrototypicalNetwork,5,5,Egyptian,miniImageNet_SOTA_trainSet,False,10,4000,2,exp1_permuted_src_datasets
522,2338.9606308937073,0.0,1736330950.972298,,1.8250237189931795e-05,1.0,0.001,1,16,40x40,PrototypicalNetwork,5,5,Egyptian,miniImageNet_SOTA_trainSet,False,10,4000,2,exp1_permuted_src_datasets
523,2339.0682702064514,0.0,1736330951.0799372,,1.2991838957532309e-05,1.0,0.001,1,16,40x40,PrototypicalNetwork,5,5,Egyptian,miniImageNet_SOTA_trainSet,False,10,4000,2,exp1_permuted_src_datasets
524,2339.162946462631,0.0,1736330951.1746135,,1.1002084647770971e-05,1.0,0.001,1,16,40x40,PrototypicalNetwork,5,5,Egyptian,miniImageNet_SOTA_trainSet,False,10,4000,2,exp1_permuted_src_datasets
525,2339.2854719161987,0.0,1736330951.297139,,7.243232630571583e-06,1.0,0.001,1,16,40x40,PrototypicalNetwork,5,5,Egyptian,miniImageNet_SOTA_trainSet,False,10,4000,2,exp1_permuted_src_datasets
526,2339.3724319934845,0.0,1736330951.384099,,5.0663170441112015e-06,1.0,0.001,1,16,40x40,PrototypicalNetwork,5,5,Egyptian,miniImageNet_SOTA_trainSet,False,10,4000,2,exp1_permuted_src_datasets
527,2339.4795050621033,0.0,1736330951.491172,,1.600134783075191e-05,1.0,0.001,1,16,40x40,PrototypicalNetwork,5,5,Egyptian,miniImageNet_SOTA_trainSet,False,10,4000,2,exp1_permuted_src_datasets
528,2339.57901597023,0.0,1736330951.590683,,2.0870946173090488e-05,1.0,0.001,1,16,40x40,PrototypicalNetwork,5,5,Egyptian,miniImageNet_SOTA_trainSet,False,10,4000,2,exp1_permuted_src_datasets
529,2339.695514202118,0.0,1736330951.7071812,,9.961700925487094e-06,1.0,0.001,1,16,40x40,PrototypicalNetwork,5,5,Egyptian,miniImageNet_SOTA_trainSet,False,10,4000,2,exp1_permuted_src_datasets
530,2339.7844507694244,0.0,1736330951.7961178,,4.528559293248691e-05,1.0,0.001,1,16,40x40,PrototypicalNetwork,5,5,Egyptian,miniImageNet_SOTA_trainSet,False,10,4000,2,exp1_permuted_src_datasets
531,2339.8671548366547,0.0,1736330951.8788218,,2.5427201762795448e-05,1.0,0.001,1,16,40x40,PrototypicalNetwork,5,5,Egyptian,miniImageNet_SOTA_trainSet,False,10,4000,2,exp1_permuted_src_datasets
532,2339.961983680725,0.0,1736330951.9736507,,1.1583646482904442e-05,1.0,0.001,1,16,40x40,PrototypicalNetwork,5,5,Egyptian,miniImageNet_SOTA_trainSet,False,10,4000,2,exp1_permuted_src_datasets
533,2340.04731631279,0.0,1736330952.0589833,,1.575057285663206e-05,1.0,0.001,1,16,40x40,PrototypicalNetwork,5,5,Egyptian,miniImageNet_SOTA_trainSet,False,10,4000,2,exp1_permuted_src_datasets
534,2340.144248008728,0.0,1736330952.155915,,1.219561727339169e-05,1.0,0.001,1,16,40x40,PrototypicalNetwork,5,5,Egyptian,miniImageNet_SOTA_trainSet,False,10,4000,2,exp1_permuted_src_datasets
535,2340.240280151367,0.0,1736330952.2519472,,1.5409021216328256e-05,1.0,0.001,1,16,40x40,PrototypicalNetwork,5,5,Egyptian,miniImageNet_SOTA_trainSet,False,10,4000,2,exp1_permuted_src_datasets
536,2340.3373351097107,0.0,1736330952.3490021,,1.4992650903877802e-05,1.0,0.001,1,16,40x40,PrototypicalNetwork,5,5,Egyptian,miniImageNet_SOTA_trainSet,False,10,4000,2,exp1_permuted_src_datasets
537,2340.438297510147,0.0,1736330952.4499645,,7.79420770413708e-06,1.0,0.001,1,16,40x40,PrototypicalNetwork,5,5,Egyptian,miniImageNet_SOTA_trainSet,False,10,4000,2,exp1_permuted_src_datasets
538,2340.5267906188965,0.0,1736330952.5384576,,5.496893663803348e-06,1.0,0.001,1,16,40x40,PrototypicalNetwork,5,5,Egyptian,miniImageNet_SOTA_trainSet,False,10,4000,2,exp1_permuted_src_datasets
539,2340.6139557361603,0.0,1736330952.6256227,,5.9081512517877854e-06,1.0,0.001,1,16,40x40,PrototypicalNetwork,5,5,Egyptian,miniImageNet_SOTA_trainSet,False,10,4000,2,exp1_permuted_src_datasets
540,2340.7124993801117,0.0,1736330952.7241664,,1.4893809748173226e-05,1.0,0.001,1,16,40x40,PrototypicalNetwork,5,5,Egyptian,miniImageNet_SOTA_trainSet,False,10,4000,2,exp1_permuted_src_datasets
541,2340.8029980659485,0.0,1736330952.814665,,1.3463762115861755e-05,1.0,0.001,1,16,40x40,PrototypicalNetwork,5,5,Egyptian,miniImageNet_SOTA_trainSet,False,10,4000,2,exp1_permuted_src_datasets
542,2340.90602183342,0.0,1736330952.9176888,,4.3859981815330684e-05,1.0,0.001,1,16,40x40,PrototypicalNetwork,5,5,Egyptian,miniImageNet_SOTA_trainSet,False,10,4000,2,exp1_permuted_src_datasets
543,2341.012128353119,0.0,1736330953.0237954,,1.7370761270285584e-05,1.0,0.001,1,16,40x40,PrototypicalNetwork,5,5,Egyptian,miniImageNet_SOTA_trainSet,False,10,4000,2,exp1_permuted_src_datasets
544,2341.118375301361,0.0,1736330953.1300423,,6.2270783018902875e-06,1.0,0.001,1,16,40x40,PrototypicalNetwork,5,5,Egyptian,miniImageNet_SOTA_trainSet,False,10,4000,2,exp1_permuted_src_datasets
545,2341.2098331451416,0.0,1736330953.2215002,,1.2748767403536476e-05,1.0,0.001,1,16,40x40,PrototypicalNetwork,5,5,Egyptian,miniImageNet_SOTA_trainSet,False,10,4000,2,exp1_permuted_src_datasets
546,2341.3146839141846,0.0,1736330953.326351,,2.1053820091765374e-05,1.0,0.001,1,16,40x40,PrototypicalNetwork,5,5,Egyptian,miniImageNet_SOTA_trainSet,False,10,4000,2,exp1_permuted_src_datasets
547,2341.39848279953,0.0,1736330953.4101498,,2.0735709767905064e-05,1.0,0.001,1,16,40x40,PrototypicalNetwork,5,5,Egyptian,miniImageNet_SOTA_trainSet,False,10,4000,2,exp1_permuted_src_datasets
548,2341.4848504066467,0.0,1736330953.4965174,,6.167450010252651e-06,1.0,0.001,1,16,40x40,PrototypicalNetwork,5,5,Egyptian,miniImageNet_SOTA_trainSet,False,10,4000,2,exp1_permuted_src_datasets
549,2341.59845328331,0.0,1736330953.6101203,,1.4068345080886502e-05,1.0,0.001,1,16,40x40,PrototypicalNetwork,5,5,Egyptian,miniImageNet_SOTA_trainSet,False,10,4000,2,exp1_permuted_src_datasets
550,2341.712283372879,0.0,1736330953.7239504,,1.242642156285001e-05,1.0,0.001,1,16,40x40,PrototypicalNetwork,5,5,Egyptian,miniImageNet_SOTA_trainSet,False,10,4000,2,exp1_permuted_src_datasets
551,2341.8090748786926,0.0,1736330953.820742,,1.4303802345239092e-05,1.0,0.001,1,16,40x40,PrototypicalNetwork,5,5,Egyptian,miniImageNet_SOTA_trainSet,False,10,4000,2,exp1_permuted_src_datasets
552,2341.8918550014496,0.0,1736330953.903522,,1.828733365982771e-05,1.0,0.001,1,16,40x40,PrototypicalNetwork,5,5,Egyptian,miniImageNet_SOTA_trainSet,False,10,4000,2,exp1_permuted_src_datasets
553,2341.9796991348267,0.0,1736330953.9913661,,1.3481086170941126e-05,1.0,0.001,1,16,40x40,PrototypicalNetwork,5,5,Egyptian,miniImageNet_SOTA_trainSet,False,10,4000,2,exp1_permuted_src_datasets
554,2342.0908346176147,0.0,1736330954.1025016,,2.1247664335533045e-05,1.0,0.001,1,16,40x40,PrototypicalNetwork,5,5,Egyptian,miniImageNet_SOTA_trainSet,False,10,4000,2,exp1_permuted_src_datasets
555,2342.1820163726807,0.0,1736330954.1936834,,1.426996459485963e-05,1.0,0.001,1,16,40x40,PrototypicalNetwork,5,5,Egyptian,miniImageNet_SOTA_trainSet,False,10,4000,2,exp1_permuted_src_datasets
556,2342.278199672699,0.0,1736330954.2898667,,1.537719253974501e-05,1.0,0.001,1,16,40x40,PrototypicalNetwork,5,5,Egyptian,miniImageNet_SOTA_trainSet,False,10,4000,2,exp1_permuted_src_datasets
557,2342.3673932552338,0.0,1736330954.3790603,,6.693252998957178e-06,1.0,0.001,1,16,40x40,PrototypicalNetwork,5,5,Egyptian,miniImageNet_SOTA_trainSet,False,10,4000,2,exp1_permuted_src_datasets
558,2342.455246448517,0.0,1736330954.4669135,,7.150879355322104e-06,1.0,0.001,1,16,40x40,PrototypicalNetwork,5,5,Egyptian,miniImageNet_SOTA_trainSet,False,10,4000,2,exp1_permuted_src_datasets
559,2342.545842409134,0.0,1736330954.5575094,,8.491952939948533e-06,1.0,0.001,1,16,40x40,PrototypicalNetwork,5,5,Egyptian,miniImageNet_SOTA_trainSet,False,10,4000,2,exp1_permuted_src_datasets
560,2342.63728928566,0.0,1736330954.6489563,,2.802115341182798e-05,1.0,0.001,1,16,40x40,PrototypicalNetwork,5,5,Egyptian,miniImageNet_SOTA_trainSet,False,10,4000,2,exp1_permuted_src_datasets
561,2342.7268254756927,0.0,1736330954.7384925,,5.906679689360317e-06,1.0,0.001,1,16,40x40,PrototypicalNetwork,5,5,Egyptian,miniImageNet_SOTA_trainSet,False,10,4000,2,exp1_permuted_src_datasets
562,2342.8187489509583,0.0,1736330954.830416,,6.300057975749951e-06,1.0,0.001,1,16,40x40,PrototypicalNetwork,5,5,Egyptian,miniImageNet_SOTA_trainSet,False,10,4000,2,exp1_permuted_src_datasets
563,2342.912873506546,0.0,1736330954.9245405,,1.1152178558404557e-05,1.0,0.001,1,16,40x40,PrototypicalNetwork,5,5,Egyptian,miniImageNet_SOTA_trainSet,False,10,4000,2,exp1_permuted_src_datasets
564,2342.999748468399,0.0,1736330955.0114155,,8.588637683715206e-06,1.0,0.001,1,16,40x40,PrototypicalNetwork,5,5,Egyptian,miniImageNet_SOTA_trainSet,False,10,4000,2,exp1_permuted_src_datasets
565,2343.09934926033,0.0,1736330955.1110163,,6.180784112075344e-06,1.0,0.001,1,16,40x40,PrototypicalNetwork,5,5,Egyptian,miniImageNet_SOTA_trainSet,False,10,4000,2,exp1_permuted_src_datasets
566,2343.1916897296906,0.0,1736330955.2033567,,1.3817069884680677e-05,1.0,0.001,1,16,40x40,PrototypicalNetwork,5,5,Egyptian,miniImageNet_SOTA_trainSet,False,10,4000,2,exp1_permuted_src_datasets
567,2343.2894864082336,0.0,1736330955.3011534,,7.20593152436777e-06,1.0,0.001,1,16,40x40,PrototypicalNetwork,5,5,Egyptian,miniImageNet_SOTA_trainSet,False,10,4000,2,exp1_permuted_src_datasets
568,2598.011794090271,0.0,1736331210.023461,0.8745999999046326,,,0.001,1,16,40x40,PrototypicalNetwork,5,5,Egyptian,miniImageNet_SOTA_trainSet,False,10,4000,2,exp1_permuted_src_datasets
569,2598.0830817222595,0.0,1736331210.0947487,,1.5452493244083598e-05,1.0,0.001,1,16,40x40,PrototypicalNetwork,5,5,Egyptian,miniImageNet_SOTA_trainSet,False,10,4000,2,exp1_permuted_src_datasets
570,2598.1922540664673,0.0,1736331210.203921,,6.982384547882248e-06,1.0,0.001,1,16,40x40,PrototypicalNetwork,5,5,Egyptian,miniImageNet_SOTA_trainSet,False,10,4000,2,exp1_permuted_src_datasets
571,2598.290452003479,0.0,1736331210.302119,,8.453121154161636e-06,1.0,0.001,1,16,40x40,PrototypicalNetwork,5,5,Egyptian,miniImageNet_SOTA_trainSet,False,10,4000,2,exp1_permuted_src_datasets
572,2598.4173073768616,0.0,1736331210.4289744,,1.495791548222769e-05,1.0,0.001,1,16,40x40,PrototypicalNetwork,5,5,Egyptian,miniImageNet_SOTA_trainSet,False,10,4000,2,exp1_permuted_src_datasets
573,2598.5020480155945,0.0,1736331210.513715,,9.57168776949402e-06,1.0,0.001,1,16,40x40,PrototypicalNetwork,5,5,Egyptian,miniImageNet_SOTA_trainSet,False,10,4000,2,exp1_permuted_src_datasets
574,2598.592710494995,0.0,1736331210.6043775,,1.0428713721921667e-05,1.0,0.001,1,16,40x40,PrototypicalNetwork,5,5,Egyptian,miniImageNet_SOTA_trainSet,False,10,4000,2,exp1_permuted_src_datasets
575,2598.6925213336945,0.0,1736331210.7041883,,2.1430343622341752e-05,1.0,0.001,1,16,40x40,PrototypicalNetwork,5,5,Egyptian,miniImageNet_SOTA_trainSet,False,10,4000,2,exp1_permuted_src_datasets
576,2598.801730155945,0.0,1736331210.8133972,,1.551048262626864e-05,1.0,0.001,1,16,40x40,PrototypicalNetwork,5,5,Egyptian,miniImageNet_SOTA_trainSet,False,10,4000,2,exp1_permuted_src_datasets
577,2598.889635324478,0.0,1736331210.9013023,,7.764656402287073e-06,1.0,0.001,1,16,40x40,PrototypicalNetwork,5,5,Egyptian,miniImageNet_SOTA_trainSet,False,10,4000,2,exp1_permuted_src_datasets
578,2598.977318048477,0.0,1736331210.988985,,9.677689376985654e-06,1.0,0.001,1,16,40x40,PrototypicalNetwork,5,5,Egyptian,miniImageNet_SOTA_trainSet,False,10,4000,2,exp1_permuted_src_datasets
579,2599.0809252262115,0.0,1736331211.0925922,,1.2308359146118164e-05,1.0,0.001,1,16,40x40,PrototypicalNetwork,5,5,Egyptian,miniImageNet_SOTA_trainSet,False,10,4000,2,exp1_permuted_src_datasets
580,2599.1895611286163,0.0,1736331211.2012281,,5.35982871952001e-06,1.0,0.001,1,16,40x40,PrototypicalNetwork,5,5,Egyptian,miniImageNet_SOTA_trainSet,False,10,4000,2,exp1_permuted_src_datasets
581,2599.312430381775,0.0,1736331211.3240974,,1.0117390047525987e-05,1.0,0.001,1,16,40x40,PrototypicalNetwork,5,5,Egyptian,miniImageNet_SOTA_trainSet,False,10,4000,2,exp1_permuted_src_datasets
582,2599.4010529518127,0.0,1736331211.41272,,7.089758582878858e-06,1.0,0.001,1,16,40x40,PrototypicalNetwork,5,5,Egyptian,miniImageNet_SOTA_trainSet,False,10,4000,2,exp1_permuted_src_datasets
583,2599.491066455841,0.0,1736331211.5027335,,5.403043360274751e-06,1.0,0.001,1,16,40x40,PrototypicalNetwork,5,5,Egyptian,miniImageNet_SOTA_trainSet,False,10,4000,2,exp1_permuted_src_datasets
584,2599.5951890945435,0.0,1736331211.606856,,2.1546920834225602e-06,1.0,0.001,1,16,40x40,PrototypicalNetwork,5,5,Egyptian,miniImageNet_SOTA_trainSet,False,10,4000,2,exp1_permuted_src_datasets
585,2599.6924691200256,0.0,1736331211.7041361,,1.3292694347910583e-05,1.0,0.001,1,16,40x40,PrototypicalNetwork,5,5,Egyptian,miniImageNet_SOTA_trainSet,False,10,4000,2,exp1_permuted_src_datasets
586,2599.8016180992126,0.0,1736331211.813285,,3.516607421261142e-06,1.0,0.001,1,16,40x40,PrototypicalNetwork,5,5,Egyptian,miniImageNet_SOTA_trainSet,False,10,4000,2,exp1_permuted_src_datasets
587,2599.9115879535675,0.0,1736331211.923255,,9.374698493047617e-06,1.0,0.001,1,16,40x40,PrototypicalNetwork,5,5,Egyptian,miniImageNet_SOTA_trainSet,False,10,4000,2,exp1_permuted_src_datasets
588,2599.997249364853,0.0,1736331212.0089164,,8.901321052690037e-06,1.0,0.001,1,16,40x40,PrototypicalNetwork,5,5,Egyptian,miniImageNet_SOTA_trainSet,False,10,4000,2,exp1_permuted_src_datasets
589,2600.138230085373,0.0,1736331212.149897,,1.114803490054328e-05,1.0,0.001,1,16,40x40,PrototypicalNetwork,5,5,Egyptian,miniImageNet_SOTA_trainSet,False,10,4000,2,exp1_permuted_src_datasets
590,2600.2868337631226,0.0,1736331212.2985008,,5.127341864863411e-06,1.0,0.001,1,16,40x40,PrototypicalNetwork,5,5,Egyptian,miniImageNet_SOTA_trainSet,False,10,4000,2,exp1_permuted_src_datasets
591,2600.378143787384,0.0,1736331212.3898108,,8.982088729680981e-06,1.0,0.001,1,16,40x40,PrototypicalNetwork,5,5,Egyptian,miniImageNet_SOTA_trainSet,False,10,4000,2,exp1_permuted_src_datasets
592,2600.4628722667694,0.0,1736331212.4745393,,3.994954113295535e-06,1.0,0.001,1,16,40x40,PrototypicalNetwork,5,5,Egyptian,miniImageNet_SOTA_trainSet,False,10,4000,2,exp1_permuted_src_datasets
593,2600.584853887558,0.0,1736331212.596521,,1.0864185242098756e-05,1.0,0.001,1,16,40x40,PrototypicalNetwork,5,5,Egyptian,miniImageNet_SOTA_trainSet,False,10,4000,2,exp1_permuted_src_datasets
594,2600.6937086582184,0.0,1736331212.7053757,,5.315147973306011e-06,1.0,0.001,1,16,40x40,PrototypicalNetwork,5,5,Egyptian,miniImageNet_SOTA_trainSet,False,10,4000,2,exp1_permuted_src_datasets
595,2600.7816693782806,0.0,1736331212.7933364,,7.4011054493894335e-06,1.0,0.001,1,16,40x40,PrototypicalNetwork,5,5,Egyptian,miniImageNet_SOTA_trainSet,False,10,4000,2,exp1_permuted_src_datasets
596,2600.8667039871216,0.0,1736331212.878371,,9.600416888133623e-06,1.0,0.001,1,16,40x40,PrototypicalNetwork,5,5,Egyptian,miniImageNet_SOTA_trainSet,False,10,4000,2,exp1_permuted_src_datasets
597,2600.9512486457825,0.0,1736331212.9629157,,7.050954991427716e-06,1.0,0.001,1,16,40x40,PrototypicalNetwork,5,5,Egyptian,miniImageNet_SOTA_trainSet,False,10,4000,2,exp1_permuted_src_datasets
598,2601.0514533519745,0.0,1736331213.0631204,,1.9493272702675313e-05,1.0,0.001,1,16,40x40,PrototypicalNetwork,5,5,Egyptian,miniImageNet_SOTA_trainSet,False,10,4000,2,exp1_permuted_src_datasets
599,2601.1403665542603,0.0,1736331213.1520336,,9.467526069784071e-06,1.0,0.001,1,16,40x40,PrototypicalNetwork,5,5,Egyptian,miniImageNet_SOTA_trainSet,False,10,4000,2,exp1_permuted_src_datasets
600,2601.248328924179,0.0,1736331213.259996,,1.0548135833232664e-05,1.0,0.001,1,16,40x40,PrototypicalNetwork,5,5,Egyptian,miniImageNet_SOTA_trainSet,False,10,4000,2,exp1_permuted_src_datasets
601,2601.343918323517,0.0,1736331213.3555853,,7.364679731836077e-06,1.0,0.001,1,16,40x40,PrototypicalNetwork,5,5,Egyptian,miniImageNet_SOTA_trainSet,False,10,4000,2,exp1_permuted_src_datasets
602,2601.4428782463074,0.0,1736331213.4545453,,1.8062339222524315e-05,1.0,0.001,1,16,40x40,PrototypicalNetwork,5,5,Egyptian,miniImageNet_SOTA_trainSet,False,10,4000,2,exp1_permuted_src_datasets
603,2601.543805837631,0.0,1736331213.5554729,,2.2999500288278796e-05,1.0,0.001,1,16,40x40,PrototypicalNetwork,5,5,Egyptian,miniImageNet_SOTA_trainSet,False,10,4000,2,exp1_permuted_src_datasets
604,2601.6399524211884,0.0,1736331213.6516194,,9.189076081383973e-06,1.0,0.001,1,16,40x40,PrototypicalNetwork,5,5,Egyptian,miniImageNet_SOTA_trainSet,False,10,4000,2,exp1_permuted_src_datasets
605,2601.729463815689,0.0,1736331213.7411308,,4.88746718474431e-06,1.0,0.001,1,16,40x40,PrototypicalNetwork,5,5,Egyptian,miniImageNet_SOTA_trainSet,False,10,4000,2,exp1_permuted_src_datasets
606,2601.8262779712677,0.0,1736331213.837945,,1.5853864169912413e-05,1.0,0.001,1,16,40x40,PrototypicalNetwork,5,5,Egyptian,miniImageNet_SOTA_trainSet,False,10,4000,2,exp1_permuted_src_datasets
607,2601.9436779022217,0.0,1736331213.955345,,1.3416223737294786e-05,1.0,0.001,1,16,40x40,PrototypicalNetwork,5,5,Egyptian,miniImageNet_SOTA_trainSet,False,10,4000,2,exp1_permuted_src_datasets
608,2602.0477097034454,0.0,1736331214.0593767,,1.2979558960068971e-05,1.0,0.001,1,16,40x40,PrototypicalNetwork,5,5,Egyptian,miniImageNet_SOTA_trainSet,False,10,4000,2,exp1_permuted_src_datasets
609,2602.1513361930847,0.0,1736331214.1630032,,6.480147021648008e-06,1.0,0.001,1,16,40x40,PrototypicalNetwork,5,5,Egyptian,miniImageNet_SOTA_trainSet,False,10,4000,2,exp1_permuted_src_datasets
610,2602.250379562378,0.0,1736331214.2620466,,1.1400022231100593e-05,1.0,0.001,1,16,40x40,PrototypicalNetwork,5,5,Egyptian,miniImageNet_SOTA_trainSet,False,10,4000,2,exp1_permuted_src_datasets
611,2602.378083705902,0.0,1736331214.3897507,,1.4255131645768415e-05,1.0,0.001,1,16,40x40,PrototypicalNetwork,5,5,Egyptian,miniImageNet_SOTA_trainSet,False,10,4000,2,exp1_permuted_src_datasets
612,2602.4658472537994,0.0,1736331214.4775143,,0.00010379605373600498,1.0,0.001,1,16,40x40,PrototypicalNetwork,5,5,Egyptian,miniImageNet_SOTA_trainSet,False,10,4000,2,exp1_permuted_src_datasets
613,2602.565289258957,0.0,1736331214.5769563,,7.094145075825509e-06,1.0,0.001,1,16,40x40,PrototypicalNetwork,5,5,Egyptian,miniImageNet_SOTA_trainSet,False,10,4000,2,exp1_permuted_src_datasets
614,2602.6563091278076,0.0,1736331214.6679761,,5.3061194194015115e-06,1.0,0.001,1,16,40x40,PrototypicalNetwork,5,5,Egyptian,miniImageNet_SOTA_trainSet,False,10,4000,2,exp1_permuted_src_datasets
615,2602.7650039196014,0.0,1736331214.776671,,4.687820364779327e-06,1.0,0.001,1,16,40x40,PrototypicalNetwork,5,5,Egyptian,miniImageNet_SOTA_trainSet,False,10,4000,2,exp1_permuted_src_datasets
616,2602.8511106967926,0.0,1736331214.8627777,,1.8265653125126846e-05,1.0,0.001,1,16,40x40,PrototypicalNetwork,5,5,Egyptian,miniImageNet_SOTA_trainSet,False,10,4000,2,exp1_permuted_src_datasets
617,2602.943998813629,0.0,1736331214.9556658,,1.917879853863269e-05,1.0,0.001,1,16,40x40,PrototypicalNetwork,5,5,Egyptian,miniImageNet_SOTA_trainSet,False,10,4000,2,exp1_permuted_src_datasets
618,2603.05233836174,0.0,1736331215.0640054,,6.387998837453779e-06,1.0,0.001,1,16,40x40,PrototypicalNetwork,5,5,Egyptian,miniImageNet_SOTA_trainSet,False,10,4000,2,exp1_permuted_src_datasets
619,2603.1570839881897,0.0,1736331215.168751,,4.170723059360171e-06,1.0,0.001,1,16,40x40,PrototypicalNetwork,5,5,Egyptian,miniImageNet_SOTA_trainSet,False,10,4000,2,exp1_permuted_src_datasets
620,2603.246174097061,0.0,1736331215.257841,,9.44102976063732e-06,1.0,0.001,1,16,40x40,PrototypicalNetwork,5,5,Egyptian,miniImageNet_SOTA_trainSet,False,10,4000,2,exp1_permuted_src_datasets
621,2603.357732772827,0.0,1736331215.3693998,,4.768288363266038e-06,1.0,0.001,1,16,40x40,PrototypicalNetwork,5,5,Egyptian,miniImageNet_SOTA_trainSet,False,10,4000,2,exp1_permuted_src_datasets
622,2603.470442056656,0.0,1736331215.482109,,1.550655360915698e-05,1.0,0.001,1,16,40x40,PrototypicalNetwork,5,5,Egyptian,miniImageNet_SOTA_trainSet,False,10,4000,2,exp1_permuted_src_datasets
623,2603.5608654022217,0.0,1736331215.5725324,,5.017118382966146e-06,1.0,0.001,1,16,40x40,PrototypicalNetwork,5,5,Egyptian,miniImageNet_SOTA_trainSet,False,10,4000,2,exp1_permuted_src_datasets
624,2603.670287132263,0.0,1736331215.6819541,,2.1979383745929226e-05,1.0,0.001,1,16,40x40,PrototypicalNetwork,5,5,Egyptian,miniImageNet_SOTA_trainSet,False,10,4000,2,exp1_permuted_src_datasets
625,2603.7573924064636,0.0,1736331215.7690594,,4.109653673367575e-06,1.0,0.001,1,16,40x40,PrototypicalNetwork,5,5,Egyptian,miniImageNet_SOTA_trainSet,False,10,4000,2,exp1_permuted_src_datasets
626,2603.8418040275574,0.0,1736331215.853471,,1.3666086488228757e-05,1.0,0.001,1,16,40x40,PrototypicalNetwork,5,5,Egyptian,miniImageNet_SOTA_trainSet,False,10,4000,2,exp1_permuted_src_datasets
627,2603.9371480941772,0.0,1736331215.948815,,6.673805273749167e-06,1.0,0.001,1,16,40x40,PrototypicalNetwork,5,5,Egyptian,miniImageNet_SOTA_trainSet,False,10,4000,2,exp1_permuted_src_datasets
628,2604.0296416282654,0.0,1736331216.0413086,,3.887638740707189e-06,1.0,0.001,1,16,40x40,PrototypicalNetwork,5,5,Egyptian,miniImageNet_SOTA_trainSet,False,10,4000,2,exp1_permuted_src_datasets
629,2604.117422103882,0.0,1736331216.129089,,1.331059138465207e-05,1.0,0.001,1,16,40x40,PrototypicalNetwork,5,5,Egyptian,miniImageNet_SOTA_trainSet,False,10,4000,2,exp1_permuted_src_datasets
630,2604.2503383159637,0.0,1736331216.2620053,,5.307635092322016e-06,1.0,0.001,1,16,40x40,PrototypicalNetwork,5,5,Egyptian,miniImageNet_SOTA_trainSet,False,10,4000,2,exp1_permuted_src_datasets
631,2860.00204706192,0.0,1736331472.013714,0.8692500009536743,,,0.001,1,16,40x40,PrototypicalNetwork,5,5,Egyptian,miniImageNet_SOTA_trainSet,False,10,4000,2,exp1_permuted_src_datasets
632,2860.0032393932343,1.0,1736331472.0149064,,,,0.001,1,16,40x40,PrototypicalNetwork,5,5,Egyptian,miniImageNet_SOTA_trainSet,False,10,4000,2,exp1_permuted_src_datasets
633,3109.8049023151398,1.0,1736331721.8165693,0.8032999987602234,,,0.001,1,16,40x40,PrototypicalNetwork,5,5,Egyptian,miniImageNet_SOTA_trainSet,False,10,4000,2,exp1_permuted_src_datasets
634,3109.8902270793915,1.0,1736331721.901894,,0.48113465309143066,0.887499988079071,0.001,1,16,40x40,PrototypicalNetwork,5,5,Egyptian,miniImageNet_SOTA_trainSet,False,10,4000,2,exp1_permuted_src_datasets
635,3109.986175060272,1.0,1736331721.997842,,1.5055208206176758,0.875,0.001,1,16,40x40,PrototypicalNetwork,5,5,Egyptian,miniImageNet_SOTA_trainSet,False,10,4000,2,exp1_permuted_src_datasets
636,3110.106952190399,1.0,1736331722.1186192,,1.4892255067825317,0.875,0.001,1,16,40x40,PrototypicalNetwork,5,5,Egyptian,miniImageNet_SOTA_trainSet,False,10,4000,2,exp1_permuted_src_datasets
637,3110.24191737175,1.0,1736331722.2535844,,0.8770798444747925,0.9125000238418579,0.001,1,16,40x40,PrototypicalNetwork,5,5,Egyptian,miniImageNet_SOTA_trainSet,False,10,4000,2,exp1_permuted_src_datasets
638,3110.377644300461,1.0,1736331722.3893113,,0.18143653869628906,0.9750000238418579,0.001,1,16,40x40,PrototypicalNetwork,5,5,Egyptian,miniImageNet_SOTA_trainSet,False,10,4000,2,exp1_permuted_src_datasets
639,3110.4681944847107,1.0,1736331722.4798615,,0.18094754219055176,0.9624999761581421,0.001,1,16,40x40,PrototypicalNetwork,5,5,Egyptian,miniImageNet_SOTA_trainSet,False,10,4000,2,exp1_permuted_src_datasets
640,3110.5621407032013,1.0,1736331722.5738077,,0.1506391018629074,0.949999988079071,0.001,1,16,40x40,PrototypicalNetwork,5,5,Egyptian,miniImageNet_SOTA_trainSet,False,10,4000,2,exp1_permuted_src_datasets
641,3110.6549293994904,1.0,1736331722.6665964,,0.0052513605915009975,1.0,0.001,1,16,40x40,PrototypicalNetwork,5,5,Egyptian,miniImageNet_SOTA_trainSet,False,10,4000,2,exp1_permuted_src_datasets
642,3110.7415709495544,1.0,1736331722.753238,,0.006541778799146414,1.0,0.001,1,16,40x40,PrototypicalNetwork,5,5,Egyptian,miniImageNet_SOTA_trainSet,False,10,4000,2,exp1_permuted_src_datasets
643,3110.85244512558,1.0,1736331722.8641121,,0.003714082296937704,1.0,0.001,1,16,40x40,PrototypicalNetwork,5,5,Egyptian,miniImageNet_SOTA_trainSet,False,10,4000,2,exp1_permuted_src_datasets
644,3110.9418201446533,1.0,1736331722.9534872,,0.0014497957890853286,1.0,0.001,1,16,40x40,PrototypicalNetwork,5,5,Egyptian,miniImageNet_SOTA_trainSet,False,10,4000,2,exp1_permuted_src_datasets
645,3111.040018558502,1.0,1736331723.0516856,,0.00042881391709670424,1.0,0.001,1,16,40x40,PrototypicalNetwork,5,5,Egyptian,miniImageNet_SOTA_trainSet,False,10,4000,2,exp1_permuted_src_datasets
646,3111.139651298523,1.0,1736331723.1513183,,0.0003314762143418193,1.0,0.001,1,16,40x40,PrototypicalNetwork,5,5,Egyptian,miniImageNet_SOTA_trainSet,False,10,4000,2,exp1_permuted_src_datasets
647,3111.2269365787506,1.0,1736331723.2386036,,0.00109631079249084,1.0,0.001,1,16,40x40,PrototypicalNetwork,5,5,Egyptian,miniImageNet_SOTA_trainSet,False,10,4000,2,exp1_permuted_src_datasets
648,3111.3237006664276,1.0,1736331723.3353677,,0.0005310138803906739,1.0,0.001,1,16,40x40,PrototypicalNetwork,5,5,Egyptian,miniImageNet_SOTA_trainSet,False,10,4000,2,exp1_permuted_src_datasets
649,3111.4149158000946,1.0,1736331723.4265828,,0.0004423141072038561,1.0,0.001,1,16,40x40,PrototypicalNetwork,5,5,Egyptian,miniImageNet_SOTA_trainSet,False,10,4000,2,exp1_permuted_src_datasets
650,3111.5021255016327,1.0,1736331723.5137925,,0.0014662265311926603,1.0,0.001,1,16,40x40,PrototypicalNetwork,5,5,Egyptian,miniImageNet_SOTA_trainSet,False,10,4000,2,exp1_permuted_src_datasets
651,3111.6018221378326,1.0,1736331723.6134892,,0.0030608808156102896,1.0,0.001,1,16,40x40,PrototypicalNetwork,5,5,Egyptian,miniImageNet_SOTA_trainSet,False,10,4000,2,exp1_permuted_src_datasets
652,3111.6906900405884,1.0,1736331723.702357,,0.0004170191823504865,1.0,0.001,1,16,40x40,PrototypicalNetwork,5,5,Egyptian,miniImageNet_SOTA_trainSet,False,10,4000,2,exp1_permuted_src_datasets
653,3111.791078567505,1.0,1736331723.8027456,,0.00023363996297121048,1.0,0.001,1,16,40x40,PrototypicalNetwork,5,5,Egyptian,miniImageNet_SOTA_trainSet,False,10,4000,2,exp1_permuted_src_datasets
654,3111.875701904297,1.0,1736331723.887369,,0.0005031117470934987,1.0,0.001,1,16,40x40,PrototypicalNetwork,5,5,Egyptian,miniImageNet_SOTA_trainSet,False,10,4000,2,exp1_permuted_src_datasets
655,3111.9630908966064,1.0,1736331723.974758,,0.00021573467529378831,1.0,0.001,1,16,40x40,PrototypicalNetwork,5,5,Egyptian,miniImageNet_SOTA_trainSet,False,10,4000,2,exp1_permuted_src_datasets
656,3112.070741176605,1.0,1736331724.0824082,,0.0007340213051065803,1.0,0.001,1,16,40x40,PrototypicalNetwork,5,5,Egyptian,miniImageNet_SOTA_trainSet,False,10,4000,2,exp1_permuted_src_datasets
657,3112.163101911545,1.0,1736331724.174769,,0.0003345283621456474,1.0,0.001,1,16,40x40,PrototypicalNetwork,5,5,Egyptian,miniImageNet_SOTA_trainSet,False,10,4000,2,exp1_permuted_src_datasets
658,3112.2620317935944,1.0,1736331724.2736988,,0.0004225203883834183,1.0,0.001,1,16,40x40,PrototypicalNetwork,5,5,Egyptian,miniImageNet_SOTA_trainSet,False,10,4000,2,exp1_permuted_src_datasets
659,3112.3584082126617,1.0,1736331724.3700752,,0.00016703754954505712,1.0,0.001,1,16,40x40,PrototypicalNetwork,5,5,Egyptian,miniImageNet_SOTA_trainSet,False,10,4000,2,exp1_permuted_src_datasets
660,3112.4454181194305,1.0,1736331724.4570851,,0.0002731969580054283,1.0,0.001,1,16,40x40,PrototypicalNetwork,5,5,Egyptian,miniImageNet_SOTA_trainSet,False,10,4000,2,exp1_permuted_src_datasets
661,3112.53182220459,1.0,1736331724.5434892,,0.0014331764541566372,1.0,0.001,1,16,40x40,PrototypicalNetwork,5,5,Egyptian,miniImageNet_SOTA_trainSet,False,10,4000,2,exp1_permuted_src_datasets
662,3112.6472611427307,1.0,1736331724.6589282,,0.00013364235928747803,1.0,0.001,1,16,40x40,PrototypicalNetwork,5,5,Egyptian,miniImageNet_SOTA_trainSet,False,10,4000,2,exp1_permuted_src_datasets
663,3112.7367944717407,1.0,1736331724.7484615,,0.0007967346464283764,1.0,0.001,1,16,40x40,PrototypicalNetwork,5,5,Egyptian,miniImageNet_SOTA_trainSet,False,10,4000,2,exp1_permuted_src_datasets
664,3112.832179546356,1.0,1736331724.8438466,,0.0006244197720661759,1.0,0.001,1,16,40x40,PrototypicalNetwork,5,5,Egyptian,miniImageNet_SOTA_trainSet,False,10,4000,2,exp1_permuted_src_datasets
665,3112.9280796051025,1.0,1736331724.9397466,,0.00030385368154384196,1.0,0.001,1,16,40x40,PrototypicalNetwork,5,5,Egyptian,miniImageNet_SOTA_trainSet,False,10,4000,2,exp1_permuted_src_datasets
666,3113.0152492523193,1.0,1736331725.0269163,,0.0005543212755583227,1.0,0.001,1,16,40x40,PrototypicalNetwork,5,5,Egyptian,miniImageNet_SOTA_trainSet,False,10,4000,2,exp1_permuted_src_datasets
667,3113.1069724559784,1.0,1736331725.1186395,,0.00018138029554393142,1.0,0.001,1,16,40x40,PrototypicalNetwork,5,5,Egyptian,miniImageNet_SOTA_trainSet,False,10,4000,2,exp1_permuted_src_datasets
668,3113.2088589668274,1.0,1736331725.220526,,0.00016439349565189332,1.0,0.001,1,16,40x40,PrototypicalNetwork,5,5,Egyptian,miniImageNet_SOTA_trainSet,False,10,4000,2,exp1_permuted_src_datasets
669,3113.294742822647,1.0,1736331725.3064098,,0.0003892155073117465,1.0,0.001,1,16,40x40,PrototypicalNetwork,5,5,Egyptian,miniImageNet_SOTA_trainSet,False,10,4000,2,exp1_permuted_src_datasets
670,3113.380444288254,1.0,1736331725.3921113,,0.0004710253851953894,1.0,0.001,1,16,40x40,PrototypicalNetwork,5,5,Egyptian,miniImageNet_SOTA_trainSet,False,10,4000,2,exp1_permuted_src_datasets
671,3113.469761133194,1.0,1736331725.4814281,,0.000637647754047066,1.0,0.001,1,16,40x40,PrototypicalNetwork,5,5,Egyptian,miniImageNet_SOTA_trainSet,False,10,4000,2,exp1_permuted_src_datasets
672,3113.5703065395355,1.0,1736331725.5819736,,0.000861251843161881,1.0,0.001,1,16,40x40,PrototypicalNetwork,5,5,Egyptian,miniImageNet_SOTA_trainSet,False,10,4000,2,exp1_permuted_src_datasets
673,3113.679112434387,1.0,1736331725.6907794,,0.00031321364804171026,1.0,0.001,1,16,40x40,PrototypicalNetwork,5,5,Egyptian,miniImageNet_SOTA_trainSet,False,10,4000,2,exp1_permuted_src_datasets
674,3113.765260219574,1.0,1736331725.7769272,,0.00032451210427097976,1.0,0.001,1,16,40x40,PrototypicalNetwork,5,5,Egyptian,miniImageNet_SOTA_trainSet,False,10,4000,2,exp1_permuted_src_datasets
675,3113.851831674576,1.0,1736331725.8634987,,0.0004006548842880875,1.0,0.001,1,16,40x40,PrototypicalNetwork,5,5,Egyptian,miniImageNet_SOTA_trainSet,False,10,4000,2,exp1_permuted_src_datasets
676,3113.9505519866943,1.0,1736331725.962219,,0.0004444733203854412,1.0,0.001,1,16,40x40,PrototypicalNetwork,5,5,Egyptian,miniImageNet_SOTA_trainSet,False,10,4000,2,exp1_permuted_src_datasets
677,3114.0390963554382,1.0,1736331726.0507634,,0.002315468853339553,1.0,0.001,1,16,40x40,PrototypicalNetwork,5,5,Egyptian,miniImageNet_SOTA_trainSet,False,10,4000,2,exp1_permuted_src_datasets
678,3114.124616622925,1.0,1736331726.1362836,,0.00019485419034026563,1.0,0.001,1,16,40x40,PrototypicalNetwork,5,5,Egyptian,miniImageNet_SOTA_trainSet,False,10,4000,2,exp1_permuted_src_datasets
679,3114.2131628990173,1.0,1736331726.22483,,0.00023519173555541784,1.0,0.001,1,16,40x40,PrototypicalNetwork,5,5,Egyptian,miniImageNet_SOTA_trainSet,False,10,4000,2,exp1_permuted_src_datasets
680,3114.3352921009064,1.0,1736331726.346959,,0.00022534746676683426,1.0,0.001,1,16,40x40,PrototypicalNetwork,5,5,Egyptian,miniImageNet_SOTA_trainSet,False,10,4000,2,exp1_permuted_src_datasets
681,3114.447521209717,1.0,1736331726.4591882,,0.00035618452238850296,1.0,0.001,1,16,40x40,PrototypicalNetwork,5,5,Egyptian,miniImageNet_SOTA_trainSet,False,10,4000,2,exp1_permuted_src_datasets
682,3114.541289329529,1.0,1736331726.5529563,,0.00014326655946206301,1.0,0.001,1,16,40x40,PrototypicalNetwork,5,5,Egyptian,miniImageNet_SOTA_trainSet,False,10,4000,2,exp1_permuted_src_datasets
683,3114.64652466774,1.0,1736331726.6581917,,0.00018922398157883435,1.0,0.001,1,16,40x40,PrototypicalNetwork,5,5,Egyptian,miniImageNet_SOTA_trainSet,False,10,4000,2,exp1_permuted_src_datasets
684,3114.7432458400726,1.0,1736331726.7549129,,0.0004186214355286211,1.0,0.001,1,16,40x40,PrototypicalNetwork,5,5,Egyptian,miniImageNet_SOTA_trainSet,False,10,4000,2,exp1_permuted_src_datasets
685,3114.8475091457367,1.0,1736331726.8591762,,0.0002429020096315071,1.0,0.001,1,16,40x40,PrototypicalNetwork,5,5,Egyptian,miniImageNet_SOTA_trainSet,False,10,4000,2,exp1_permuted_src_datasets
686,3114.966682910919,1.0,1736331726.97835,,9.200979548040777e-05,1.0,0.001,1,16,40x40,PrototypicalNetwork,5,5,Egyptian,miniImageNet_SOTA_trainSet,False,10,4000,2,exp1_permuted_src_datasets
687,3115.069438934326,1.0,1736331727.081106,,0.00013975834008306265,1.0,0.001,1,16,40x40,PrototypicalNetwork,5,5,Egyptian,miniImageNet_SOTA_trainSet,False,10,4000,2,exp1_permuted_src_datasets
688,3115.1640634536743,1.0,1736331727.1757305,,0.00014754179574083537,1.0,0.001,1,16,40x40,PrototypicalNetwork,5,5,Egyptian,miniImageNet_SOTA_trainSet,False,10,4000,2,exp1_permuted_src_datasets
689,3115.2614889144897,1.0,1736331727.273156,,0.00041454090387560427,1.0,0.001,1,16,40x40,PrototypicalNetwork,5,5,Egyptian,miniImageNet_SOTA_trainSet,False,10,4000,2,exp1_permuted_src_datasets
690,3115.361358165741,1.0,1736331727.3730252,,0.00014007202116772532,1.0,0.001,1,16,40x40,PrototypicalNetwork,5,5,Egyptian,miniImageNet_SOTA_trainSet,False,10,4000,2,exp1_permuted_src_datasets
691,3115.4848124980927,1.0,1736331727.4964795,,0.0003355428925715387,1.0,0.001,1,16,40x40,PrototypicalNetwork,5,5,Egyptian,miniImageNet_SOTA_trainSet,False,10,4000,2,exp1_permuted_src_datasets
692,3115.5977816581726,1.0,1736331727.6094487,,0.00012888819037470967,1.0,0.001,1,16,40x40,PrototypicalNetwork,5,5,Egyptian,miniImageNet_SOTA_trainSet,False,10,4000,2,exp1_permuted_src_datasets
693,3115.7110681533813,1.0,1736331727.7227352,,9.381026757182553e-05,1.0,0.001,1,16,40x40,PrototypicalNetwork,5,5,Egyptian,miniImageNet_SOTA_trainSet,False,10,4000,2,exp1_permuted_src_datasets
694,3115.808247566223,1.0,1736331727.8199146,,0.0001616468798602,1.0,0.001,1,16,40x40,PrototypicalNetwork,5,5,Egyptian,miniImageNet_SOTA_trainSet,False,10,4000,2,exp1_permuted_src_datasets
695,3115.8951563835144,1.0,1736331727.9068234,,9.16353747015819e-05,1.0,0.001,1,16,40x40,PrototypicalNetwork,5,5,Egyptian,miniImageNet_SOTA_trainSet,False,10,4000,2,exp1_permuted_src_datasets
696,3368.7399220466614,1.0,1736331980.751589,0.8710499994754791,,,0.001,1,16,40x40,PrototypicalNetwork,5,5,Egyptian,miniImageNet_SOTA_trainSet,False,10,4000,2,exp1_permuted_src_datasets
697,3368.840336561203,1.0,1736331980.8520036,,0.00035783625207841396,1.0,0.001,1,16,40x40,PrototypicalNetwork,5,5,Egyptian,miniImageNet_SOTA_trainSet,False,10,4000,2,exp1_permuted_src_datasets
698,3368.9456300735474,1.0,1736331980.957297,,0.0002137543197022751,1.0,0.001,1,16,40x40,PrototypicalNetwork,5,5,Egyptian,miniImageNet_SOTA_trainSet,False,10,4000,2,exp1_permuted_src_datasets
699,3369.03955411911,1.0,1736331981.0512211,,0.002250098157674074,1.0,0.001,1,16,40x40,PrototypicalNetwork,5,5,Egyptian,miniImageNet_SOTA_trainSet,False,10,4000,2,exp1_permuted_src_datasets
700,3369.1227378845215,1.0,1736331981.134405,,8.756198803894222e-05,1.0,0.001,1,16,40x40,PrototypicalNetwork,5,5,Egyptian,miniImageNet_SOTA_trainSet,False,10,4000,2,exp1_permuted_src_datasets
701,3369.209222793579,1.0,1736331981.2208898,,0.00025635602651163936,1.0,0.001,1,16,40x40,PrototypicalNetwork,5,5,Egyptian,miniImageNet_SOTA_trainSet,False,10,4000,2,exp1_permuted_src_datasets
702,3369.302747488022,1.0,1736331981.3144145,,0.0001672816724749282,1.0,0.001,1,16,40x40,PrototypicalNetwork,5,5,Egyptian,miniImageNet_SOTA_trainSet,False,10,4000,2,exp1_permuted_src_datasets
703,3369.420047044754,1.0,1736331981.431714,,8.36958279251121e-05,1.0,0.001,1,16,40x40,PrototypicalNetwork,5,5,Egyptian,miniImageNet_SOTA_trainSet,False,10,4000,2,exp1_permuted_src_datasets
704,3369.50532245636,1.0,1736331981.5169895,,0.0001712012308416888,1.0,0.001,1,16,40x40,PrototypicalNetwork,5,5,Egyptian,miniImageNet_SOTA_trainSet,False,10,4000,2,exp1_permuted_src_datasets
705,3369.591846704483,1.0,1736331981.6035137,,0.0002062871353700757,1.0,0.001,1,16,40x40,PrototypicalNetwork,5,5,Egyptian,miniImageNet_SOTA_trainSet,False,10,4000,2,exp1_permuted_src_datasets
706,3369.6889595985413,1.0,1736331981.7006266,,8.066823647823185e-05,1.0,0.001,1,16,40x40,PrototypicalNetwork,5,5,Egyptian,miniImageNet_SOTA_trainSet,False,10,4000,2,exp1_permuted_src_datasets
707,3369.780194759369,1.0,1736331981.7918618,,8.16789543023333e-05,1.0,0.001,1,16,40x40,PrototypicalNetwork,5,5,Egyptian,miniImageNet_SOTA_trainSet,False,10,4000,2,exp1_permuted_src_datasets
708,3369.8868243694305,1.0,1736331981.8984914,,0.00033849148894660175,1.0,0.001,1,16,40x40,PrototypicalNetwork,5,5,Egyptian,miniImageNet_SOTA_trainSet,False,10,4000,2,exp1_permuted_src_datasets
709,3369.9774606227875,1.0,1736331981.9891276,,0.00010176294017583132,1.0,0.001,1,16,40x40,PrototypicalNetwork,5,5,Egyptian,miniImageNet_SOTA_trainSet,False,10,4000,2,exp1_permuted_src_datasets
710,3370.063780784607,1.0,1736331982.0754478,,0.00023814672022126615,1.0,0.001,1,16,40x40,PrototypicalNetwork,5,5,Egyptian,miniImageNet_SOTA_trainSet,False,10,4000,2,exp1_permuted_src_datasets
711,3370.1684110164642,1.0,1736331982.180078,,5.742195207858458e-05,1.0,0.001,1,16,40x40,PrototypicalNetwork,5,5,Egyptian,miniImageNet_SOTA_trainSet,False,10,4000,2,exp1_permuted_src_datasets
712,3370.284520626068,1.0,1736331982.2961876,,8.834186883177608e-05,1.0,0.001,1,16,40x40,PrototypicalNetwork,5,5,Egyptian,miniImageNet_SOTA_trainSet,False,10,4000,2,exp1_permuted_src_datasets
713,3370.3697986602783,1.0,1736331982.3814657,,0.0001683050359133631,1.0,0.001,1,16,40x40,PrototypicalNetwork,5,5,Egyptian,miniImageNet_SOTA_trainSet,False,10,4000,2,exp1_permuted_src_datasets
714,3370.4532628059387,1.0,1736331982.4649298,,0.0003095849824603647,1.0,0.001,1,16,40x40,PrototypicalNetwork,5,5,Egyptian,miniImageNet_SOTA_trainSet,False,10,4000,2,exp1_permuted_src_datasets
715,3370.5376300811768,1.0,1736331982.549297,,0.0001928121200762689,1.0,0.001,1,16,40x40,PrototypicalNetwork,5,5,Egyptian,miniImageNet_SOTA_trainSet,False,10,4000,2,exp1_permuted_src_datasets
716,3370.629289150238,1.0,1736331982.6409562,,0.00012342139962129295,1.0,0.001,1,16,40x40,PrototypicalNetwork,5,5,Egyptian,miniImageNet_SOTA_trainSet,False,10,4000,2,exp1_permuted_src_datasets
717,3370.7184607982635,1.0,1736331982.7301278,,0.00029957774677313864,1.0,0.001,1,16,40x40,PrototypicalNetwork,5,5,Egyptian,miniImageNet_SOTA_trainSet,False,10,4000,2,exp1_permuted_src_datasets
718,3370.8061554431915,1.0,1736331982.8178225,,0.00017500233661849052,1.0,0.001,1,16,40x40,PrototypicalNetwork,5,5,Egyptian,miniImageNet_SOTA_trainSet,False,10,4000,2,exp1_permuted_src_datasets
719,3370.9014678001404,1.0,1736331982.9131348,,0.00020255024719517678,1.0,0.001,1,16,40x40,PrototypicalNetwork,5,5,Egyptian,miniImageNet_SOTA_trainSet,False,10,4000,2,exp1_permuted_src_datasets
720,3370.999239206314,1.0,1736331983.0109062,,4.719312346423976e-05,1.0,0.001,1,16,40x40,PrototypicalNetwork,5,5,Egyptian,miniImageNet_SOTA_trainSet,False,10,4000,2,exp1_permuted_src_datasets
721,3371.0850994586945,1.0,1736331983.0967665,,0.0001773866533767432,1.0,0.001,1,16,40x40,PrototypicalNetwork,5,5,Egyptian,miniImageNet_SOTA_trainSet,False,10,4000,2,exp1_permuted_src_datasets
722,3371.193382024765,1.0,1736331983.205049,,0.00022793866810388863,1.0,0.001,1,16,40x40,PrototypicalNetwork,5,5,Egyptian,miniImageNet_SOTA_trainSet,False,10,4000,2,exp1_permuted_src_datasets
723,3371.2919006347656,1.0,1736331983.3035676,,7.234526856336743e-05,1.0,0.001,1,16,40x40,PrototypicalNetwork,5,5,Egyptian,miniImageNet_SOTA_trainSet,False,10,4000,2,exp1_permuted_src_datasets
724,3371.379654407501,1.0,1736331983.3913214,,6.326575385173783e-05,1.0,0.001,1,16,40x40,PrototypicalNetwork,5,5,Egyptian,miniImageNet_SOTA_trainSet,False,10,4000,2,exp1_permuted_src_datasets
725,3371.4648990631104,1.0,1736331983.476566,,0.00019596959464251995,1.0,0.001,1,16,40x40,PrototypicalNetwork,5,5,Egyptian,miniImageNet_SOTA_trainSet,False,10,4000,2,exp1_permuted_src_datasets
726,3371.5583684444427,1.0,1736331983.5700355,,0.00011430245649535209,1.0,0.001,1,16,40x40,PrototypicalNetwork,5,5,Egyptian,miniImageNet_SOTA_trainSet,False,10,4000,2,exp1_permuted_src_datasets
727,3371.675790786743,1.0,1736331983.6874578,,0.00016356984269805253,1.0,0.001,1,16,40x40,PrototypicalNetwork,5,5,Egyptian,miniImageNet_SOTA_trainSet,False,10,4000,2,exp1_permuted_src_datasets
728,3371.761568069458,1.0,1736331983.773235,,4.358670412329957e-05,1.0,0.001,1,16,40x40,PrototypicalNetwork,5,5,Egyptian,miniImageNet_SOTA_trainSet,False,10,4000,2,exp1_permuted_src_datasets
729,3371.856603384018,1.0,1736331983.8682704,,0.0005023457342758775,1.0,0.001,1,16,40x40,PrototypicalNetwork,5,5,Egyptian,miniImageNet_SOTA_trainSet,False,10,4000,2,exp1_permuted_src_datasets
730,3371.9650268554688,1.0,1736331983.9766939,,6.0338061302900314e-05,1.0,0.001,1,16,40x40,PrototypicalNetwork,5,5,Egyptian,miniImageNet_SOTA_trainSet,False,10,4000,2,exp1_permuted_src_datasets
731,3372.0818576812744,1.0,1736331984.0935247,,0.00013884999498259276,1.0,0.001,1,16,40x40,PrototypicalNetwork,5,5,Egyptian,miniImageNet_SOTA_trainSet,False,10,4000,2,exp1_permuted_src_datasets
732,3372.19846367836,1.0,1736331984.2101307,,4.1769126255530864e-05,1.0,0.001,1,16,40x40,PrototypicalNetwork,5,5,Egyptian,miniImageNet_SOTA_trainSet,False,10,4000,2,exp1_permuted_src_datasets
733,3372.284942150116,1.0,1736331984.2966092,,0.00017291997210122645,1.0,0.001,1,16,40x40,PrototypicalNetwork,5,5,Egyptian,miniImageNet_SOTA_trainSet,False,10,4000,2,exp1_permuted_src_datasets
734,3372.396159887314,1.0,1736331984.407827,,0.00013834514538757503,1.0,0.001,1,16,40x40,PrototypicalNetwork,5,5,Egyptian,miniImageNet_SOTA_trainSet,False,10,4000,2,exp1_permuted_src_datasets
735,3372.5075154304504,1.0,1736331984.5191824,,7.344446930801496e-05,1.0,0.001,1,16,40x40,PrototypicalNetwork,5,5,Egyptian,miniImageNet_SOTA_trainSet,False,10,4000,2,exp1_permuted_src_datasets
736,3372.608266353607,1.0,1736331984.6199334,,0.00010743277380242944,1.0,0.001,1,16,40x40,PrototypicalNetwork,5,5,Egyptian,miniImageNet_SOTA_trainSet,False,10,4000,2,exp1_permuted_src_datasets
737,3372.7218766212463,1.0,1736331984.7335436,,7.928098784759641e-05,1.0,0.001,1,16,40x40,PrototypicalNetwork,5,5,Egyptian,miniImageNet_SOTA_trainSet,False,10,4000,2,exp1_permuted_src_datasets
738,3372.8588361740112,1.0,1736331984.8705032,,0.00013308468624018133,1.0,0.001,1,16,40x40,PrototypicalNetwork,5,5,Egyptian,miniImageNet_SOTA_trainSet,False,10,4000,2,exp1_permuted_src_datasets
739,3372.9641737937927,1.0,1736331984.9758408,,0.00011490294855320826,1.0,0.001,1,16,40x40,PrototypicalNetwork,5,5,Egyptian,miniImageNet_SOTA_trainSet,False,10,4000,2,exp1_permuted_src_datasets
740,3373.066996574402,1.0,1736331985.0786636,,0.0001332829415332526,1.0,0.001,1,16,40x40,PrototypicalNetwork,5,5,Egyptian,miniImageNet_SOTA_trainSet,False,10,4000,2,exp1_permuted_src_datasets
741,3373.163061618805,1.0,1736331985.1747286,,6.30020658718422e-05,1.0,0.001,1,16,40x40,PrototypicalNetwork,5,5,Egyptian,miniImageNet_SOTA_trainSet,False,10,4000,2,exp1_permuted_src_datasets
742,3373.272139310837,1.0,1736331985.2838063,,5.594409958575852e-05,1.0,0.001,1,16,40x40,PrototypicalNetwork,5,5,Egyptian,miniImageNet_SOTA_trainSet,False,10,4000,2,exp1_permuted_src_datasets
743,3373.3753089904785,1.0,1736331985.386976,,7.282164006028324e-05,1.0,0.001,1,16,40x40,PrototypicalNetwork,5,5,Egyptian,miniImageNet_SOTA_trainSet,False,10,4000,2,exp1_permuted_src_datasets
744,3373.4623653888702,1.0,1736331985.4740324,,3.654872489278205e-05,1.0,0.001,1,16,40x40,PrototypicalNetwork,5,5,Egyptian,miniImageNet_SOTA_trainSet,False,10,4000,2,exp1_permuted_src_datasets
745,3373.559674501419,1.0,1736331985.5713415,,5.044463978265412e-05,1.0,0.001,1,16,40x40,PrototypicalNetwork,5,5,Egyptian,miniImageNet_SOTA_trainSet,False,10,4000,2,exp1_permuted_src_datasets
746,3373.680207490921,1.0,1736331985.6918745,,7.004230428719893e-05,1.0,0.001,1,16,40x40,PrototypicalNetwork,5,5,Egyptian,miniImageNet_SOTA_trainSet,False,10,4000,2,exp1_permuted_src_datasets
747,3373.7659726142883,1.0,1736331985.7776396,,4.0121689380612224e-05,1.0,0.001,1,16,40x40,PrototypicalNetwork,5,5,Egyptian,miniImageNet_SOTA_trainSet,False,10,4000,2,exp1_permuted_src_datasets
748,3373.863164663315,1.0,1736331985.8748317,,0.00013635576760862023,1.0,0.001,1,16,40x40,PrototypicalNetwork,5,5,Egyptian,miniImageNet_SOTA_trainSet,False,10,4000,2,exp1_permuted_src_datasets
749,3373.9649679660797,1.0,1736331985.976635,,6.428266351576895e-05,1.0,0.001,1,16,40x40,PrototypicalNetwork,5,5,Egyptian,miniImageNet_SOTA_trainSet,False,10,4000,2,exp1_permuted_src_datasets
750,3374.0662360191345,1.0,1736331986.077903,,7.940937939565629e-05,1.0,0.001,1,16,40x40,PrototypicalNetwork,5,5,Egyptian,miniImageNet_SOTA_trainSet,False,10,4000,2,exp1_permuted_src_datasets
751,3374.1590433120728,1.0,1736331986.1707103,,5.656704161083326e-05,1.0,0.001,1,16,40x40,PrototypicalNetwork,5,5,Egyptian,miniImageNet_SOTA_trainSet,False,10,4000,2,exp1_permuted_src_datasets
752,3374.2572989463806,1.0,1736331986.268966,,6.542402843479067e-05,1.0,0.001,1,16,40x40,PrototypicalNetwork,5,5,Egyptian,miniImageNet_SOTA_trainSet,False,10,4000,2,exp1_permuted_src_datasets
753,3374.3816106319427,1.0,1736331986.3932776,,4.152852125116624e-05,1.0,0.001,1,16,40x40,PrototypicalNetwork,5,5,Egyptian,miniImageNet_SOTA_trainSet,False,10,4000,2,exp1_permuted_src_datasets
754,3374.4755759239197,1.0,1736331986.487243,,6.31263610557653e-05,1.0,0.001,1,16,40x40,PrototypicalNetwork,5,5,Egyptian,miniImageNet_SOTA_trainSet,False,10,4000,2,exp1_permuted_src_datasets
755,3374.574562549591,1.0,1736331986.5862296,,9.157013846561313e-05,1.0,0.001,1,16,40x40,PrototypicalNetwork,5,5,Egyptian,miniImageNet_SOTA_trainSet,False,10,4000,2,exp1_permuted_src_datasets
756,3374.665791273117,1.0,1736331986.6774583,,8.587197226006538e-05,1.0,0.001,1,16,40x40,PrototypicalNetwork,5,5,Egyptian,miniImageNet_SOTA_trainSet,False,10,4000,2,exp1_permuted_src_datasets
757,3374.7516882419586,1.0,1736331986.7633553,,3.897110218531452e-05,1.0,0.001,1,16,40x40,PrototypicalNetwork,5,5,Egyptian,miniImageNet_SOTA_trainSet,False,10,4000,2,exp1_permuted_src_datasets
758,3374.840697288513,1.0,1736331986.8523643,,7.03135592630133e-05,1.0,0.001,1,16,40x40,PrototypicalNetwork,5,5,Egyptian,miniImageNet_SOTA_trainSet,False,10,4000,2,exp1_permuted_src_datasets
759,3626.7159061431885,1.0,1736332238.7275732,0.8691000001430511,,,0.001,1,16,40x40,PrototypicalNetwork,5,5,Egyptian,miniImageNet_SOTA_trainSet,False,10,4000,2,exp1_permuted_src_datasets
760,3626.7874689102173,1.0,1736332238.799136,,0.00020536317606456578,1.0,0.001,1,16,40x40,PrototypicalNetwork,5,5,Egyptian,miniImageNet_SOTA_trainSet,False,10,4000,2,exp1_permuted_src_datasets
761,3626.8838489055634,1.0,1736332238.895516,,3.3670105040073395e-05,1.0,0.001,1,16,40x40,PrototypicalNetwork,5,5,Egyptian,miniImageNet_SOTA_trainSet,False,10,4000,2,exp1_permuted_src_datasets
762,3626.9991433620453,1.0,1736332239.0108104,,5.594516915152781e-05,1.0,0.001,1,16,40x40,PrototypicalNetwork,5,5,Egyptian,miniImageNet_SOTA_trainSet,False,10,4000,2,exp1_permuted_src_datasets
763,3627.1057512760162,1.0,1736332239.1174183,,4.679640551330522e-05,1.0,0.001,1,16,40x40,PrototypicalNetwork,5,5,Egyptian,miniImageNet_SOTA_trainSet,False,10,4000,2,exp1_permuted_src_datasets
764,3627.2351281642914,1.0,1736332239.2467952,,7.427986565744504e-05,1.0,0.001,1,16,40x40,PrototypicalNetwork,5,5,Egyptian,miniImageNet_SOTA_trainSet,False,10,4000,2,exp1_permuted_src_datasets
765,3627.3396072387695,1.0,1736332239.3512743,,7.62332056183368e-05,1.0,0.001,1,16,40x40,PrototypicalNetwork,5,5,Egyptian,miniImageNet_SOTA_trainSet,False,10,4000,2,exp1_permuted_src_datasets
766,3627.431671857834,1.0,1736332239.4433389,,5.572618101723492e-05,1.0,0.001,1,16,40x40,PrototypicalNetwork,5,5,Egyptian,miniImageNet_SOTA_trainSet,False,10,4000,2,exp1_permuted_src_datasets
767,3627.539619207382,1.0,1736332239.5512862,,7.570185698568821e-05,1.0,0.001,1,16,40x40,PrototypicalNetwork,5,5,Egyptian,miniImageNet_SOTA_trainSet,False,10,4000,2,exp1_permuted_src_datasets
768,3627.64288520813,1.0,1736332239.6545522,,3.9247370295925066e-05,1.0,0.001,1,16,40x40,PrototypicalNetwork,5,5,Egyptian,miniImageNet_SOTA_trainSet,False,10,4000,2,exp1_permuted_src_datasets
769,3627.759757757187,1.0,1736332239.7714248,,0.00013127161946613342,1.0,0.001,1,16,40x40,PrototypicalNetwork,5,5,Egyptian,miniImageNet_SOTA_trainSet,False,10,4000,2,exp1_permuted_src_datasets
770,3627.870398044586,1.0,1736332239.882065,,0.000110538603621535,1.0,0.001,1,16,40x40,PrototypicalNetwork,5,5,Egyptian,miniImageNet_SOTA_trainSet,False,10,4000,2,exp1_permuted_src_datasets
771,3627.9831397533417,1.0,1736332239.9948068,,3.506020220811479e-05,1.0,0.001,1,16,40x40,PrototypicalNetwork,5,5,Egyptian,miniImageNet_SOTA_trainSet,False,10,4000,2,exp1_permuted_src_datasets
772,3628.0929403305054,1.0,1736332240.1046073,,5.0587364967213944e-05,1.0,0.001,1,16,40x40,PrototypicalNetwork,5,5,Egyptian,miniImageNet_SOTA_trainSet,False,10,4000,2,exp1_permuted_src_datasets
773,3628.1887063980103,1.0,1736332240.2003734,,5.9050544223282486e-05,1.0,0.001,1,16,40x40,PrototypicalNetwork,5,5,Egyptian,miniImageNet_SOTA_trainSet,False,10,4000,2,exp1_permuted_src_datasets
774,3628.2885551452637,1.0,1736332240.3002222,,6.354771903716028e-05,1.0,0.001,1,16,40x40,PrototypicalNetwork,5,5,Egyptian,miniImageNet_SOTA_trainSet,False,10,4000,2,exp1_permuted_src_datasets
775,3628.3986508846283,1.0,1736332240.410318,,0.00012318577500991523,1.0,0.001,1,16,40x40,PrototypicalNetwork,5,5,Egyptian,miniImageNet_SOTA_trainSet,False,10,4000,2,exp1_permuted_src_datasets
776,3628.496517419815,1.0,1736332240.5081844,,5.832606620970182e-05,1.0,0.001,1,16,40x40,PrototypicalNetwork,5,5,Egyptian,miniImageNet_SOTA_trainSet,False,10,4000,2,exp1_permuted_src_datasets
777,3628.5828330516815,1.0,1736332240.5945,,5.775180034106597e-05,1.0,0.001,1,16,40x40,PrototypicalNetwork,5,5,Egyptian,miniImageNet_SOTA_trainSet,False,10,4000,2,exp1_permuted_src_datasets
778,3628.67493391037,1.0,1736332240.686601,,0.00010047138493973762,1.0,0.001,1,16,40x40,PrototypicalNetwork,5,5,Egyptian,miniImageNet_SOTA_trainSet,False,10,4000,2,exp1_permuted_src_datasets
779,3628.78777050972,1.0,1736332240.7994375,,9.710387530503795e-05,1.0,0.001,1,16,40x40,PrototypicalNetwork,5,5,Egyptian,miniImageNet_SOTA_trainSet,False,10,4000,2,exp1_permuted_src_datasets
780,3628.906058073044,1.0,1736332240.917725,,0.00010603893315419555,1.0,0.001,1,16,40x40,PrototypicalNetwork,5,5,Egyptian,miniImageNet_SOTA_trainSet,False,10,4000,2,exp1_permuted_src_datasets
781,3629.022248029709,1.0,1736332241.033915,,0.00015743245603516698,1.0,0.001,1,16,40x40,PrototypicalNetwork,5,5,Egyptian,miniImageNet_SOTA_trainSet,False,10,4000,2,exp1_permuted_src_datasets
782,3629.1245126724243,1.0,1736332241.1361797,,4.802613329957239e-05,1.0,0.001,1,16,40x40,PrototypicalNetwork,5,5,Egyptian,miniImageNet_SOTA_trainSet,False,10,4000,2,exp1_permuted_src_datasets
783,3629.221744775772,1.0,1736332241.2334118,,3.951094549847767e-05,1.0,0.001,1,16,40x40,PrototypicalNetwork,5,5,Egyptian,miniImageNet_SOTA_trainSet,False,10,4000,2,exp1_permuted_src_datasets
784,3629.341809988022,1.0,1736332241.353477,,3.428554555284791e-05,1.0,0.001,1,16,40x40,PrototypicalNetwork,5,5,Egyptian,miniImageNet_SOTA_trainSet,False,10,4000,2,exp1_permuted_src_datasets
785,3629.450655937195,1.0,1736332241.462323,,6.182817742228508e-05,1.0,0.001,1,16,40x40,PrototypicalNetwork,5,5,Egyptian,miniImageNet_SOTA_trainSet,False,10,4000,2,exp1_permuted_src_datasets
786,3629.5469880104065,1.0,1736332241.558655,,4.923671804135665e-05,1.0,0.001,1,16,40x40,PrototypicalNetwork,5,5,Egyptian,miniImageNet_SOTA_trainSet,False,10,4000,2,exp1_permuted_src_datasets
787,3629.6404161453247,1.0,1736332241.6520832,,7.031618588371202e-05,1.0,0.001,1,16,40x40,PrototypicalNetwork,5,5,Egyptian,miniImageNet_SOTA_trainSet,False,10,4000,2,exp1_permuted_src_datasets
788,3629.755627155304,1.0,1736332241.7672942,,0.00010498129995539784,1.0,0.001,1,16,40x40,PrototypicalNetwork,5,5,Egyptian,miniImageNet_SOTA_trainSet,False,10,4000,2,exp1_permuted_src_datasets
789,3629.892413377762,1.0,1736332241.9040804,,4.8761161451693624e-05,1.0,0.001,1,16,40x40,PrototypicalNetwork,5,5,Egyptian,miniImageNet_SOTA_trainSet,False,10,4000,2,exp1_permuted_src_datasets
790,3629.9822747707367,1.0,1736332241.9939418,,3.102677874267101e-05,1.0,0.001,1,16,40x40,PrototypicalNetwork,5,5,Egyptian,miniImageNet_SOTA_trainSet,False,10,4000,2,exp1_permuted_src_datasets
791,3630.0706810951233,1.0,1736332242.082348,,1.3988365935801994e-05,1.0,0.001,1,16,40x40,PrototypicalNetwork,5,5,Egyptian,miniImageNet_SOTA_trainSet,False,10,4000,2,exp1_permuted_src_datasets
792,3630.157298564911,1.0,1736332242.1689656,,6.301966641331092e-05,1.0,0.001,1,16,40x40,PrototypicalNetwork,5,5,Egyptian,miniImageNet_SOTA_trainSet,False,10,4000,2,exp1_permuted_src_datasets
793,3630.287393808365,1.0,1736332242.2990608,,5.010530730942264e-05,1.0,0.001,1,16,40x40,PrototypicalNetwork,5,5,Egyptian,miniImageNet_SOTA_trainSet,False,10,4000,2,exp1_permuted_src_datasets
794,3630.370586156845,1.0,1736332242.3822532,,3.4539269108790904e-05,1.0,0.001,1,16,40x40,PrototypicalNetwork,5,5,Egyptian,miniImageNet_SOTA_trainSet,False,10,4000,2,exp1_permuted_src_datasets
795,3630.460987329483,1.0,1736332242.4726543,,4.182633711025119e-05,1.0,0.001,1,16,40x40,PrototypicalNetwork,5,5,Egyptian,miniImageNet_SOTA_trainSet,False,10,4000,2,exp1_permuted_src_datasets
796,3630.5466611385345,1.0,1736332242.5583282,,4.288041600375436e-05,1.0,0.001,1,16,40x40,PrototypicalNetwork,5,5,Egyptian,miniImageNet_SOTA_trainSet,False,10,4000,2,exp1_permuted_src_datasets
797,3630.6402702331543,1.0,1736332242.6519372,,3.1872648833086714e-05,1.0,0.001,1,16,40x40,PrototypicalNetwork,5,5,Egyptian,miniImageNet_SOTA_trainSet,False,10,4000,2,exp1_permuted_src_datasets
798,3630.734452724457,1.0,1736332242.7461197,,5.238895028014667e-05,1.0,0.001,1,16,40x40,PrototypicalNetwork,5,5,Egyptian,miniImageNet_SOTA_trainSet,False,10,4000,2,exp1_permuted_src_datasets
799,3630.8481047153473,1.0,1736332242.8597717,,4.3762323912233114e-05,1.0,0.001,1,16,40x40,PrototypicalNetwork,5,5,Egyptian,miniImageNet_SOTA_trainSet,False,10,4000,2,exp1_permuted_src_datasets
800,3630.9391028881073,1.0,1736332242.95077,,5.7269186072517186e-05,1.0,0.001,1,16,40x40,PrototypicalNetwork,5,5,Egyptian,miniImageNet_SOTA_trainSet,False,10,4000,2,exp1_permuted_src_datasets
801,3631.0306084156036,1.0,1736332243.0422754,,0.00010750007641036063,1.0,0.001,1,16,40x40,PrototypicalNetwork,5,5,Egyptian,miniImageNet_SOTA_trainSet,False,10,4000,2,exp1_permuted_src_datasets
802,3631.1280505657196,1.0,1736332243.1397176,,5.403014802141115e-05,1.0,0.001,1,16,40x40,PrototypicalNetwork,5,5,Egyptian,miniImageNet_SOTA_trainSet,False,10,4000,2,exp1_permuted_src_datasets
803,3631.218091726303,1.0,1736332243.2297587,,4.057858313899487e-05,1.0,0.001,1,16,40x40,PrototypicalNetwork,5,5,Egyptian,miniImageNet_SOTA_trainSet,False,10,4000,2,exp1_permuted_src_datasets
804,3631.313530921936,1.0,1736332243.325198,,4.1602681449148804e-05,1.0,0.001,1,16,40x40,PrototypicalNetwork,5,5,Egyptian,miniImageNet_SOTA_trainSet,False,10,4000,2,exp1_permuted_src_datasets
805,3631.399493932724,1.0,1736332243.411161,,4.207492384011857e-05,1.0,0.001,1,16,40x40,PrototypicalNetwork,5,5,Egyptian,miniImageNet_SOTA_trainSet,False,10,4000,2,exp1_permuted_src_datasets
806,3631.4824306964874,1.0,1736332243.4940977,,2.9593958970508538e-05,1.0,0.001,1,16,40x40,PrototypicalNetwork,5,5,Egyptian,miniImageNet_SOTA_trainSet,False,10,4000,2,exp1_permuted_src_datasets
807,3631.5722937583923,1.0,1736332243.5839608,,6.897556886542588e-05,1.0,0.001,1,16,40x40,PrototypicalNetwork,5,5,Egyptian,miniImageNet_SOTA_trainSet,False,10,4000,2,exp1_permuted_src_datasets
808,3631.6641061306,1.0,1736332243.6757731,,7.85073934821412e-05,1.0,0.001,1,16,40x40,PrototypicalNetwork,5,5,Egyptian,miniImageNet_SOTA_trainSet,False,10,4000,2,exp1_permuted_src_datasets
809,3631.7657327651978,1.0,1736332243.7773998,,4.209889084449969e-05,1.0,0.001,1,16,40x40,PrototypicalNetwork,5,5,Egyptian,miniImageNet_SOTA_trainSet,False,10,4000,2,exp1_permuted_src_datasets
810,3631.8704731464386,1.0,1736332243.8821402,,0.00013397191651165485,1.0,0.001,1,16,40x40,PrototypicalNetwork,5,5,Egyptian,miniImageNet_SOTA_trainSet,False,10,4000,2,exp1_permuted_src_datasets
811,3631.967163324356,1.0,1736332243.9788303,,4.735014954349026e-05,1.0,0.001,1,16,40x40,PrototypicalNetwork,5,5,Egyptian,miniImageNet_SOTA_trainSet,False,10,4000,2,exp1_permuted_src_datasets
812,3632.0595841407776,1.0,1736332244.0712512,,7.600148092024028e-05,1.0,0.001,1,16,40x40,PrototypicalNetwork,5,5,Egyptian,miniImageNet_SOTA_trainSet,False,10,4000,2,exp1_permuted_src_datasets
813,3632.1666259765625,1.0,1736332244.178293,,5.643748590955511e-05,1.0,0.001,1,16,40x40,PrototypicalNetwork,5,5,Egyptian,miniImageNet_SOTA_trainSet,False,10,4000,2,exp1_permuted_src_datasets
814,3632.253234386444,1.0,1736332244.2649014,,4.188396269455552e-05,1.0,0.001,1,16,40x40,PrototypicalNetwork,5,5,Egyptian,miniImageNet_SOTA_trainSet,False,10,4000,2,exp1_permuted_src_datasets
815,3632.33913898468,1.0,1736332244.350806,,2.116542418661993e-05,1.0,0.001,1,16,40x40,PrototypicalNetwork,5,5,Egyptian,miniImageNet_SOTA_trainSet,False,10,4000,2,exp1_permuted_src_datasets
816,3632.4289672374725,1.0,1736332244.4406343,,2.715988921409007e-05,1.0,0.001,1,16,40x40,PrototypicalNetwork,5,5,Egyptian,miniImageNet_SOTA_trainSet,False,10,4000,2,exp1_permuted_src_datasets
817,3632.543701648712,1.0,1736332244.5553687,,2.8461936381063424e-05,1.0,0.001,1,16,40x40,PrototypicalNetwork,5,5,Egyptian,miniImageNet_SOTA_trainSet,False,10,4000,2,exp1_permuted_src_datasets
818,3632.66117477417,1.0,1736332244.6728418,,0.0001444754598196596,1.0,0.001,1,16,40x40,PrototypicalNetwork,5,5,Egyptian,miniImageNet_SOTA_trainSet,False,10,4000,2,exp1_permuted_src_datasets
819,3632.774803161621,1.0,1736332244.7864702,,5.8292636822443455e-05,1.0,0.001,1,16,40x40,PrototypicalNetwork,5,5,Egyptian,miniImageNet_SOTA_trainSet,False,10,4000,2,exp1_permuted_src_datasets
820,3632.8599016666412,1.0,1736332244.8715687,,5.402592432801612e-05,1.0,0.001,1,16,40x40,PrototypicalNetwork,5,5,Egyptian,miniImageNet_SOTA_trainSet,False,10,4000,2,exp1_permuted_src_datasets
821,3632.9469480514526,1.0,1736332244.958615,,8.19550477899611e-05,1.0,0.001,1,16,40x40,PrototypicalNetwork,5,5,Egyptian,miniImageNet_SOTA_trainSet,False,10,4000,2,exp1_permuted_src_datasets
822,3886.7620389461517,1.0,1736332498.773706,0.8735000009536743,,,0.001,1,16,40x40,PrototypicalNetwork,5,5,Egyptian,miniImageNet_SOTA_trainSet,False,10,4000,2,exp1_permuted_src_datasets
823,3886.8670053482056,1.0,1736332498.8786724,,7.591934263473377e-05,1.0,0.001,1,16,40x40,PrototypicalNetwork,5,5,Egyptian,miniImageNet_SOTA_trainSet,False,10,4000,2,exp1_permuted_src_datasets
824,3886.9727444648743,1.0,1736332498.9844115,,6.159481563372537e-05,1.0,0.001,1,16,40x40,PrototypicalNetwork,5,5,Egyptian,miniImageNet_SOTA_trainSet,False,10,4000,2,exp1_permuted_src_datasets
825,3887.0892190933228,1.0,1736332499.100886,,5.2069906814722344e-05,1.0,0.001,1,16,40x40,PrototypicalNetwork,5,5,Egyptian,miniImageNet_SOTA_trainSet,False,10,4000,2,exp1_permuted_src_datasets
826,3887.1955897808075,1.0,1736332499.2072568,,4.762510798173025e-05,1.0,0.001,1,16,40x40,PrototypicalNetwork,5,5,Egyptian,miniImageNet_SOTA_trainSet,False,10,4000,2,exp1_permuted_src_datasets
827,3887.311761379242,1.0,1736332499.3234284,,5.391391459852457e-05,1.0,0.001,1,16,40x40,PrototypicalNetwork,5,5,Egyptian,miniImageNet_SOTA_trainSet,False,10,4000,2,exp1_permuted_src_datasets
828,3887.397644996643,1.0,1736332499.409312,,4.8667516239220276e-05,1.0,0.001,1,16,40x40,PrototypicalNetwork,5,5,Egyptian,miniImageNet_SOTA_trainSet,False,10,4000,2,exp1_permuted_src_datasets
829,3887.4826276302338,1.0,1736332499.4942946,,8.862055256031454e-05,1.0,0.001,1,16,40x40,PrototypicalNetwork,5,5,Egyptian,miniImageNet_SOTA_trainSet,False,10,4000,2,exp1_permuted_src_datasets
830,3887.569097995758,1.0,1736332499.580765,,2.9357990570133552e-05,1.0,0.001,1,16,40x40,PrototypicalNetwork,5,5,Egyptian,miniImageNet_SOTA_trainSet,False,10,4000,2,exp1_permuted_src_datasets
831,3887.667107105255,1.0,1736332499.678774,,4.740955773741007e-05,1.0,0.001,1,16,40x40,PrototypicalNetwork,5,5,Egyptian,miniImageNet_SOTA_trainSet,False,10,4000,2,exp1_permuted_src_datasets
832,3887.751437187195,1.0,1736332499.7631042,,3.091747566941194e-05,1.0,0.001,1,16,40x40,PrototypicalNetwork,5,5,Egyptian,miniImageNet_SOTA_trainSet,False,10,4000,2,exp1_permuted_src_datasets
833,3887.837416410446,1.0,1736332499.8490834,,5.000221426598728e-05,1.0,0.001,1,16,40x40,PrototypicalNetwork,5,5,Egyptian,miniImageNet_SOTA_trainSet,False,10,4000,2,exp1_permuted_src_datasets
834,3887.926059961319,1.0,1736332499.937727,,3.438553540036082e-05,1.0,0.001,1,16,40x40,PrototypicalNetwork,5,5,Egyptian,miniImageNet_SOTA_trainSet,False,10,4000,2,exp1_permuted_src_datasets
835,3888.021766424179,1.0,1736332500.0334334,,4.406857624417171e-05,1.0,0.001,1,16,40x40,PrototypicalNetwork,5,5,Egyptian,miniImageNet_SOTA_trainSet,False,10,4000,2,exp1_permuted_src_datasets
836,3888.1088688373566,1.0,1736332500.1205359,,2.580215732450597e-05,1.0,0.001,1,16,40x40,PrototypicalNetwork,5,5,Egyptian,miniImageNet_SOTA_trainSet,False,10,4000,2,exp1_permuted_src_datasets
837,3888.1950438022614,1.0,1736332500.2067108,,5.365281322156079e-05,1.0,0.001,1,16,40x40,PrototypicalNetwork,5,5,Egyptian,miniImageNet_SOTA_trainSet,False,10,4000,2,exp1_permuted_src_datasets
838,3888.2866871356964,1.0,1736332500.2983541,,3.0813469493296e-05,1.0,0.001,1,16,40x40,PrototypicalNetwork,5,5,Egyptian,miniImageNet_SOTA_trainSet,False,10,4000,2,exp1_permuted_src_datasets
839,3888.379266023636,1.0,1736332500.390933,,4.5305034291232005e-05,1.0,0.001,1,16,40x40,PrototypicalNetwork,5,5,Egyptian,miniImageNet_SOTA_trainSet,False,10,4000,2,exp1_permuted_src_datasets
840,3888.4770493507385,1.0,1736332500.4887164,,5.0694128731265664e-05,1.0,0.001,1,16,40x40,PrototypicalNetwork,5,5,Egyptian,miniImageNet_SOTA_trainSet,False,10,4000,2,exp1_permuted_src_datasets
841,3888.5703868865967,1.0,1736332500.582054,,4.639342296286486e-05,1.0,0.001,1,16,40x40,PrototypicalNetwork,5,5,Egyptian,miniImageNet_SOTA_trainSet,False,10,4000,2,exp1_permuted_src_datasets
842,3888.6615839004517,1.0,1736332500.673251,,3.0228740797610953e-05,1.0,0.001,1,16,40x40,PrototypicalNetwork,5,5,Egyptian,miniImageNet_SOTA_trainSet,False,10,4000,2,exp1_permuted_src_datasets
843,3888.764561891556,1.0,1736332500.776229,,9.715895430417731e-05,1.0,0.001,1,16,40x40,PrototypicalNetwork,5,5,Egyptian,miniImageNet_SOTA_trainSet,False,10,4000,2,exp1_permuted_src_datasets
844,3888.8457686901093,1.0,1736332500.8574357,,2.5821838789852336e-05,1.0,0.001,1,16,40x40,PrototypicalNetwork,5,5,Egyptian,miniImageNet_SOTA_trainSet,False,10,4000,2,exp1_permuted_src_datasets
845,3888.9333651065826,1.0,1736332500.9450321,,4.1536080971127376e-05,1.0,0.001,1,16,40x40,PrototypicalNetwork,5,5,Egyptian,miniImageNet_SOTA_trainSet,False,10,4000,2,exp1_permuted_src_datasets
846,3889.0225760936737,1.0,1736332501.034243,,8.510277257300913e-05,1.0,0.001,1,16,40x40,PrototypicalNetwork,5,5,Egyptian,miniImageNet_SOTA_trainSet,False,10,4000,2,exp1_permuted_src_datasets
847,3889.1206872463226,1.0,1736332501.1323543,,4.447533865459263e-05,1.0,0.001,1,16,40x40,PrototypicalNetwork,5,5,Egyptian,miniImageNet_SOTA_trainSet,False,10,4000,2,exp1_permuted_src_datasets
848,3889.229147911072,1.0,1736332501.240815,,3.342552372487262e-05,1.0,0.001,1,16,40x40,PrototypicalNetwork,5,5,Egyptian,miniImageNet_SOTA_trainSet,False,10,4000,2,exp1_permuted_src_datasets
849,3889.3209884166718,1.0,1736332501.3326554,,2.5840814487310126e-05,1.0,0.001,1,16,40x40,PrototypicalNetwork,5,5,Egyptian,miniImageNet_SOTA_trainSet,False,10,4000,2,exp1_permuted_src_datasets
850,3889.4145941734314,1.0,1736332501.4262612,,1.589386010891758e-05,1.0,0.001,1,16,40x40,PrototypicalNetwork,5,5,Egyptian,miniImageNet_SOTA_trainSet,False,10,4000,2,exp1_permuted_src_datasets
851,3889.5125439167023,1.0,1736332501.524211,,4.59886432508938e-05,1.0,0.001,1,16,40x40,PrototypicalNetwork,5,5,Egyptian,miniImageNet_SOTA_trainSet,False,10,4000,2,exp1_permuted_src_datasets
852,3889.5965542793274,1.0,1736332501.6082213,,4.089184949407354e-05,1.0,0.001,1,16,40x40,PrototypicalNetwork,5,5,Egyptian,miniImageNet_SOTA_trainSet,False,10,4000,2,exp1_permuted_src_datasets
853,3889.6906011104584,1.0,1736332501.7022681,,3.4050666727125645e-05,1.0,0.001,1,16,40x40,PrototypicalNetwork,5,5,Egyptian,miniImageNet_SOTA_trainSet,False,10,4000,2,exp1_permuted_src_datasets
854,3889.773181438446,1.0,1736332501.7848485,,3.105280484305695e-05,1.0,0.001,1,16,40x40,PrototypicalNetwork,5,5,Egyptian,miniImageNet_SOTA_trainSet,False,10,4000,2,exp1_permuted_src_datasets
855,3889.8595287799835,1.0,1736332501.8711958,,6.2101251387503e-05,1.0,0.001,1,16,40x40,PrototypicalNetwork,5,5,Egyptian,miniImageNet_SOTA_trainSet,False,10,4000,2,exp1_permuted_src_datasets
856,3889.9433896541595,1.0,1736332501.9550567,,3.698401997098699e-05,1.0,0.001,1,16,40x40,PrototypicalNetwork,5,5,Egyptian,miniImageNet_SOTA_trainSet,False,10,4000,2,exp1_permuted_src_datasets
857,3890.024962902069,1.0,1736332502.03663,,2.069599213427864e-05,1.0,0.001,1,16,40x40,PrototypicalNetwork,5,5,Egyptian,miniImageNet_SOTA_trainSet,False,10,4000,2,exp1_permuted_src_datasets
858,3890.112836122513,1.0,1736332502.1245031,,1.4439841834246181e-05,1.0,0.001,1,16,40x40,PrototypicalNetwork,5,5,Egyptian,miniImageNet_SOTA_trainSet,False,10,4000,2,exp1_permuted_src_datasets
859,3890.195906162262,1.0,1736332502.2075732,,6.0035428759874776e-05,1.0,0.001,1,16,40x40,PrototypicalNetwork,5,5,Egyptian,miniImageNet_SOTA_trainSet,False,10,4000,2,exp1_permuted_src_datasets
860,3890.277602672577,1.0,1736332502.2892697,,2.2851960238767788e-05,1.0,0.001,1,16,40x40,PrototypicalNetwork,5,5,Egyptian,miniImageNet_SOTA_trainSet,False,10,4000,2,exp1_permuted_src_datasets
861,3890.3682420253754,1.0,1736332502.379909,,2.2283462385530584e-05,1.0,0.001,1,16,40x40,PrototypicalNetwork,5,5,Egyptian,miniImageNet_SOTA_trainSet,False,10,4000,2,exp1_permuted_src_datasets
862,3890.4610347747803,1.0,1736332502.4727018,,1.538610376883298e-05,1.0,0.001,1,16,40x40,PrototypicalNetwork,5,5,Egyptian,miniImageNet_SOTA_trainSet,False,10,4000,2,exp1_permuted_src_datasets
863,3890.555389881134,1.0,1736332502.567057,,2.9918312066001818e-05,1.0,0.001,1,16,40x40,PrototypicalNetwork,5,5,Egyptian,miniImageNet_SOTA_trainSet,False,10,4000,2,exp1_permuted_src_datasets
864,3890.637783050537,1.0,1736332502.64945,,8.838135545374826e-05,1.0,0.001,1,16,40x40,PrototypicalNetwork,5,5,Egyptian,miniImageNet_SOTA_trainSet,False,10,4000,2,exp1_permuted_src_datasets
865,3890.72381234169,1.0,1736332502.7354794,,1.8971284589497373e-05,1.0,0.001,1,16,40x40,PrototypicalNetwork,5,5,Egyptian,miniImageNet_SOTA_trainSet,False,10,4000,2,exp1_permuted_src_datasets
866,3890.811921596527,1.0,1736332502.8235886,,2.860103631974198e-05,1.0,0.001,1,16,40x40,PrototypicalNetwork,5,5,Egyptian,miniImageNet_SOTA_trainSet,False,10,4000,2,exp1_permuted_src_datasets
867,3890.9300191402435,1.0,1736332502.9416862,,4.8983056331053376e-05,1.0,0.001,1,16,40x40,PrototypicalNetwork,5,5,Egyptian,miniImageNet_SOTA_trainSet,False,10,4000,2,exp1_permuted_src_datasets
868,3891.0533373355865,1.0,1736332503.0650043,,3.088408993789926e-05,1.0,0.001,1,16,40x40,PrototypicalNetwork,5,5,Egyptian,miniImageNet_SOTA_trainSet,False,10,4000,2,exp1_permuted_src_datasets
869,3891.161077976227,1.0,1736332503.172745,,3.548625318217091e-05,1.0,0.001,1,16,40x40,PrototypicalNetwork,5,5,Egyptian,miniImageNet_SOTA_trainSet,False,10,4000,2,exp1_permuted_src_datasets
870,3891.258141517639,1.0,1736332503.2698085,,2.199206210207194e-05,1.0,0.001,1,16,40x40,PrototypicalNetwork,5,5,Egyptian,miniImageNet_SOTA_trainSet,False,10,4000,2,exp1_permuted_src_datasets
871,3891.3621134757996,1.0,1736332503.3737805,,4.39862378698308e-05,1.0,0.001,1,16,40x40,PrototypicalNetwork,5,5,Egyptian,miniImageNet_SOTA_trainSet,False,10,4000,2,exp1_permuted_src_datasets
872,3891.466552257538,1.0,1736332503.4782193,,3.3681564673315734e-05,1.0,0.001,1,16,40x40,PrototypicalNetwork,5,5,Egyptian,miniImageNet_SOTA_trainSet,False,10,4000,2,exp1_permuted_src_datasets
873,3891.5502791404724,1.0,1736332503.5619462,,9.426756150787696e-05,1.0,0.001,1,16,40x40,PrototypicalNetwork,5,5,Egyptian,miniImageNet_SOTA_trainSet,False,10,4000,2,exp1_permuted_src_datasets
874,3891.6331050395966,1.0,1736332503.644772,,4.666819586418569e-05,1.0,0.001,1,16,40x40,PrototypicalNetwork,5,5,Egyptian,miniImageNet_SOTA_trainSet,False,10,4000,2,exp1_permuted_src_datasets
875,3891.7380514144897,1.0,1736332503.7497184,,1.3148305697541218e-05,1.0,0.001,1,16,40x40,PrototypicalNetwork,5,5,Egyptian,miniImageNet_SOTA_trainSet,False,10,4000,2,exp1_permuted_src_datasets
876,3891.835041999817,1.0,1736332503.846709,,3.309085877845064e-05,1.0,0.001,1,16,40x40,PrototypicalNetwork,5,5,Egyptian,miniImageNet_SOTA_trainSet,False,10,4000,2,exp1_permuted_src_datasets
877,3891.928880214691,1.0,1736332503.9405472,,2.5819294023676775e-05,1.0,0.001,1,16,40x40,PrototypicalNetwork,5,5,Egyptian,miniImageNet_SOTA_trainSet,False,10,4000,2,exp1_permuted_src_datasets
878,3892.0128860473633,1.0,1736332504.024553,,6.954234413569793e-05,1.0,0.001,1,16,40x40,PrototypicalNetwork,5,5,Egyptian,miniImageNet_SOTA_trainSet,False,10,4000,2,exp1_permuted_src_datasets
879,3892.0992238521576,1.0,1736332504.1108909,,4.057986006955616e-05,1.0,0.001,1,16,40x40,PrototypicalNetwork,5,5,Egyptian,miniImageNet_SOTA_trainSet,False,10,4000,2,exp1_permuted_src_datasets
880,3892.205229997635,1.0,1736332504.216897,,7.570081652374938e-05,1.0,0.001,1,16,40x40,PrototypicalNetwork,5,5,Egyptian,miniImageNet_SOTA_trainSet,False,10,4000,2,exp1_permuted_src_datasets
881,3892.3044407367706,1.0,1736332504.3161077,,1.629247526580002e-05,1.0,0.001,1,16,40x40,PrototypicalNetwork,5,5,Egyptian,miniImageNet_SOTA_trainSet,False,10,4000,2,exp1_permuted_src_datasets
882,3892.3961868286133,1.0,1736332504.4078538,,1.6881665942491964e-05,1.0,0.001,1,16,40x40,PrototypicalNetwork,5,5,Egyptian,miniImageNet_SOTA_trainSet,False,10,4000,2,exp1_permuted_src_datasets
883,3892.510758638382,1.0,1736332504.5224257,,4.407106462167576e-05,1.0,0.001,1,16,40x40,PrototypicalNetwork,5,5,Egyptian,miniImageNet_SOTA_trainSet,False,10,4000,2,exp1_permuted_src_datasets
884,3892.602063894272,1.0,1736332504.613731,,3.241310696466826e-05,1.0,0.001,1,16,40x40,PrototypicalNetwork,5,5,Egyptian,miniImageNet_SOTA_trainSet,False,10,4000,2,exp1_permuted_src_datasets
885,4139.363286495209,1.0,1736332751.3749535,0.8685499989986419,,,0.001,1,16,40x40,PrototypicalNetwork,5,5,Egyptian,miniImageNet_SOTA_trainSet,False,10,4000,2,exp1_permuted_src_datasets
886,4139.433388233185,1.0,1736332751.4450552,,2.3947393856360577e-05,1.0,0.001,1,16,40x40,PrototypicalNetwork,5,5,Egyptian,miniImageNet_SOTA_trainSet,False,10,4000,2,exp1_permuted_src_datasets
887,4139.545516014099,1.0,1736332751.557183,,3.598373587010428e-05,1.0,0.001,1,16,40x40,PrototypicalNetwork,5,5,Egyptian,miniImageNet_SOTA_trainSet,False,10,4000,2,exp1_permuted_src_datasets
888,4139.627990484238,1.0,1736332751.6396575,,3.27642701449804e-05,1.0,0.001,1,16,40x40,PrototypicalNetwork,5,5,Egyptian,miniImageNet_SOTA_trainSet,False,10,4000,2,exp1_permuted_src_datasets
889,4139.712484121323,1.0,1736332751.7241511,,3.5777011362370104e-05,1.0,0.001,1,16,40x40,PrototypicalNetwork,5,5,Egyptian,miniImageNet_SOTA_trainSet,False,10,4000,2,exp1_permuted_src_datasets
890,4139.79537320137,1.0,1736332751.8070402,,2.7561622118810192e-05,1.0,0.001,1,16,40x40,PrototypicalNetwork,5,5,Egyptian,miniImageNet_SOTA_trainSet,False,10,4000,2,exp1_permuted_src_datasets
891,4139.88046503067,1.0,1736332751.892132,,3.14568642352242e-05,1.0,0.001,1,16,40x40,PrototypicalNetwork,5,5,Egyptian,miniImageNet_SOTA_trainSet,False,10,4000,2,exp1_permuted_src_datasets
892,4139.97878909111,1.0,1736332751.990456,,2.552696969360113e-05,1.0,0.001,1,16,40x40,PrototypicalNetwork,5,5,Egyptian,miniImageNet_SOTA_trainSet,False,10,4000,2,exp1_permuted_src_datasets
893,4140.069538831711,1.0,1736332752.0812058,,1.632916428206954e-05,1.0,0.001,1,16,40x40,PrototypicalNetwork,5,5,Egyptian,miniImageNet_SOTA_trainSet,False,10,4000,2,exp1_permuted_src_datasets
894,4140.184807300568,1.0,1736332752.1964743,,1.108731248677941e-05,1.0,0.001,1,16,40x40,PrototypicalNetwork,5,5,Egyptian,miniImageNet_SOTA_trainSet,False,10,4000,2,exp1_permuted_src_datasets
895,4140.27043056488,1.0,1736332752.2820976,,1.4264749552239664e-05,1.0,0.001,1,16,40x40,PrototypicalNetwork,5,5,Egyptian,miniImageNet_SOTA_trainSet,False,10,4000,2,exp1_permuted_src_datasets
896,4140.369006156921,1.0,1736332752.3806732,,2.5375658879056573e-05,1.0,0.001,1,16,40x40,PrototypicalNetwork,5,5,Egyptian,miniImageNet_SOTA_trainSet,False,10,4000,2,exp1_permuted_src_datasets
897,4140.459154129028,1.0,1736332752.4708211,,2.1137382645974867e-05,1.0,0.001,1,16,40x40,PrototypicalNetwork,5,5,Egyptian,miniImageNet_SOTA_trainSet,False,10,4000,2,exp1_permuted_src_datasets
898,4140.557013511658,1.0,1736332752.5686805,,6.942060281289741e-05,1.0,0.001,1,16,40x40,PrototypicalNetwork,5,5,Egyptian,miniImageNet_SOTA_trainSet,False,10,4000,2,exp1_permuted_src_datasets
899,4140.645132064819,1.0,1736332752.656799,,2.4000497433007695e-05,1.0,0.001,1,16,40x40,PrototypicalNetwork,5,5,Egyptian,miniImageNet_SOTA_trainSet,False,10,4000,2,exp1_permuted_src_datasets
900,4140.730791568756,1.0,1736332752.7424586,,4.467818871489726e-05,1.0,0.001,1,16,40x40,PrototypicalNetwork,5,5,Egyptian,miniImageNet_SOTA_trainSet,False,10,4000,2,exp1_permuted_src_datasets
901,4140.823316574097,1.0,1736332752.8349836,,1.1841386367450468e-05,1.0,0.001,1,16,40x40,PrototypicalNetwork,5,5,Egyptian,miniImageNet_SOTA_trainSet,False,10,4000,2,exp1_permuted_src_datasets
902,4140.90426659584,1.0,1736332752.9159336,,4.5882876293035224e-05,1.0,0.001,1,16,40x40,PrototypicalNetwork,5,5,Egyptian,miniImageNet_SOTA_trainSet,False,10,4000,2,exp1_permuted_src_datasets
903,4140.996068716049,1.0,1736332753.0077357,,1.2114172932342626e-05,1.0,0.001,1,16,40x40,PrototypicalNetwork,5,5,Egyptian,miniImageNet_SOTA_trainSet,False,10,4000,2,exp1_permuted_src_datasets
904,4141.1017463207245,1.0,1736332753.1134133,,8.697248631506227e-06,1.0,0.001,1,16,40x40,PrototypicalNetwork,5,5,Egyptian,miniImageNet_SOTA_trainSet,False,10,4000,2,exp1_permuted_src_datasets
905,4141.194383144379,1.0,1736332753.2060502,,2.753011358436197e-05,1.0,0.001,1,16,40x40,PrototypicalNetwork,5,5,Egyptian,miniImageNet_SOTA_trainSet,False,10,4000,2,exp1_permuted_src_datasets
906,4141.279371500015,1.0,1736332753.2910385,,2.6486208298592828e-05,1.0,0.001,1,16,40x40,PrototypicalNetwork,5,5,Egyptian,miniImageNet_SOTA_trainSet,False,10,4000,2,exp1_permuted_src_datasets
907,4141.3669357299805,1.0,1736332753.3786027,,3.075970016652718e-05,1.0,0.001,1,16,40x40,PrototypicalNetwork,5,5,Egyptian,miniImageNet_SOTA_trainSet,False,10,4000,2,exp1_permuted_src_datasets
908,4141.4521107673645,1.0,1736332753.4637778,,2.5811717932811007e-05,1.0,0.001,1,16,40x40,PrototypicalNetwork,5,5,Egyptian,miniImageNet_SOTA_trainSet,False,10,4000,2,exp1_permuted_src_datasets
909,4141.533573627472,1.0,1736332753.5452406,,2.7468346161185764e-05,1.0,0.001,1,16,40x40,PrototypicalNetwork,5,5,Egyptian,miniImageNet_SOTA_trainSet,False,10,4000,2,exp1_permuted_src_datasets
910,4141.65584564209,1.0,1736332753.6675127,,2.0938832676620223e-05,1.0,0.001,1,16,40x40,PrototypicalNetwork,5,5,Egyptian,miniImageNet_SOTA_trainSet,False,10,4000,2,exp1_permuted_src_datasets
911,4141.7478494644165,1.0,1736332753.7595165,,2.9423219530144706e-05,1.0,0.001,1,16,40x40,PrototypicalNetwork,5,5,Egyptian,miniImageNet_SOTA_trainSet,False,10,4000,2,exp1_permuted_src_datasets
912,4141.8385446071625,1.0,1736332753.8502116,,2.1911493604420684e-05,1.0,0.001,1,16,40x40,PrototypicalNetwork,5,5,Egyptian,miniImageNet_SOTA_trainSet,False,10,4000,2,exp1_permuted_src_datasets
913,4141.943164587021,1.0,1736332753.9548316,,2.7287082048133016e-05,1.0,0.001,1,16,40x40,PrototypicalNetwork,5,5,Egyptian,miniImageNet_SOTA_trainSet,False,10,4000,2,exp1_permuted_src_datasets
914,4142.043388843536,1.0,1736332754.0550559,,1.8296026610187255e-05,1.0,0.001,1,16,40x40,PrototypicalNetwork,5,5,Egyptian,miniImageNet_SOTA_trainSet,False,10,4000,2,exp1_permuted_src_datasets
915,4142.139045000076,1.0,1736332754.150712,,1.4584502423531376e-05,1.0,0.001,1,16,40x40,PrototypicalNetwork,5,5,Egyptian,miniImageNet_SOTA_trainSet,False,10,4000,2,exp1_permuted_src_datasets
916,4142.229481458664,1.0,1736332754.2411485,,2.5953713702620007e-05,1.0,0.001,1,16,40x40,PrototypicalNetwork,5,5,Egyptian,miniImageNet_SOTA_trainSet,False,10,4000,2,exp1_permuted_src_datasets
917,4142.31923365593,1.0,1736332754.3309007,,2.1201540221227333e-05,1.0,0.001,1,16,40x40,PrototypicalNetwork,5,5,Egyptian,miniImageNet_SOTA_trainSet,False,10,4000,2,exp1_permuted_src_datasets
918,4142.409880399704,1.0,1736332754.4215474,,7.954887405503541e-05,1.0,0.001,1,16,40x40,PrototypicalNetwork,5,5,Egyptian,miniImageNet_SOTA_trainSet,False,10,4000,2,exp1_permuted_src_datasets
919,4142.514323949814,1.0,1736332754.525991,,3.285458296886645e-05,1.0,0.001,1,16,40x40,PrototypicalNetwork,5,5,Egyptian,miniImageNet_SOTA_trainSet,False,10,4000,2,exp1_permuted_src_datasets
920,4142.5993773937225,1.0,1736332754.6110444,,1.780867387424223e-05,1.0,0.001,1,16,40x40,PrototypicalNetwork,5,5,Egyptian,miniImageNet_SOTA_trainSet,False,10,4000,2,exp1_permuted_src_datasets
921,4142.683986186981,1.0,1736332754.6956532,,2.0851401131949387e-05,1.0,0.001,1,16,40x40,PrototypicalNetwork,5,5,Egyptian,miniImageNet_SOTA_trainSet,False,10,4000,2,exp1_permuted_src_datasets
922,4142.781224727631,1.0,1736332754.7928917,,1.8719054423854686e-05,1.0,0.001,1,16,40x40,PrototypicalNetwork,5,5,Egyptian,miniImageNet_SOTA_trainSet,False,10,4000,2,exp1_permuted_src_datasets
923,4142.878959655762,1.0,1736332754.8906267,,1.6602734831394628e-05,1.0,0.001,1,16,40x40,PrototypicalNetwork,5,5,Egyptian,miniImageNet_SOTA_trainSet,False,10,4000,2,exp1_permuted_src_datasets
924,4142.973495006561,1.0,1736332754.985162,,5.174328543944284e-05,1.0,0.001,1,16,40x40,PrototypicalNetwork,5,5,Egyptian,miniImageNet_SOTA_trainSet,False,10,4000,2,exp1_permuted_src_datasets
925,4143.063483476639,1.0,1736332755.0751505,,5.526128370547667e-05,1.0,0.001,1,16,40x40,PrototypicalNetwork,5,5,Egyptian,miniImageNet_SOTA_trainSet,False,10,4000,2,exp1_permuted_src_datasets
926,4143.15603351593,1.0,1736332755.1677005,,2.9909680961281992e-05,1.0,0.001,1,16,40x40,PrototypicalNetwork,5,5,Egyptian,miniImageNet_SOTA_trainSet,False,10,4000,2,exp1_permuted_src_datasets
927,4143.248600244522,1.0,1736332755.2602673,,2.3721688194200397e-05,1.0,0.001,1,16,40x40,PrototypicalNetwork,5,5,Egyptian,miniImageNet_SOTA_trainSet,False,10,4000,2,exp1_permuted_src_datasets
928,4143.348859548569,1.0,1736332755.3605266,,3.8764810597058386e-05,1.0,0.001,1,16,40x40,PrototypicalNetwork,5,5,Egyptian,miniImageNet_SOTA_trainSet,False,10,4000,2,exp1_permuted_src_datasets
929,4143.451825380325,1.0,1736332755.4634924,,1.3545894944400061e-05,1.0,0.001,1,16,40x40,PrototypicalNetwork,5,5,Egyptian,miniImageNet_SOTA_trainSet,False,10,4000,2,exp1_permuted_src_datasets
930,4143.5454642772675,1.0,1736332755.5571313,,2.3167847757576965e-05,1.0,0.001,1,16,40x40,PrototypicalNetwork,5,5,Egyptian,miniImageNet_SOTA_trainSet,False,10,4000,2,exp1_permuted_src_datasets
931,4143.649991512299,1.0,1736332755.6616585,,6.599220068892464e-05,1.0,0.001,1,16,40x40,PrototypicalNetwork,5,5,Egyptian,miniImageNet_SOTA_trainSet,False,10,4000,2,exp1_permuted_src_datasets
932,4143.739326238632,1.0,1736332755.7509933,,2.246387339255307e-05,1.0,0.001,1,16,40x40,PrototypicalNetwork,5,5,Egyptian,miniImageNet_SOTA_trainSet,False,10,4000,2,exp1_permuted_src_datasets
933,4143.829226255417,1.0,1736332755.8408933,,1.6566609701840207e-05,1.0,0.001,1,16,40x40,PrototypicalNetwork,5,5,Egyptian,miniImageNet_SOTA_trainSet,False,10,4000,2,exp1_permuted_src_datasets
934,4143.912253141403,1.0,1736332755.9239202,,3.989096512668766e-05,1.0,0.001,1,16,40x40,PrototypicalNetwork,5,5,Egyptian,miniImageNet_SOTA_trainSet,False,10,4000,2,exp1_permuted_src_datasets
935,4144.0088539123535,1.0,1736332756.020521,,1.2851594874518923e-05,1.0,0.001,1,16,40x40,PrototypicalNetwork,5,5,Egyptian,miniImageNet_SOTA_trainSet,False,10,4000,2,exp1_permuted_src_datasets
936,4144.091664791107,1.0,1736332756.1033318,,3.1528863473795354e-05,1.0,0.001,1,16,40x40,PrototypicalNetwork,5,5,Egyptian,miniImageNet_SOTA_trainSet,False,10,4000,2,exp1_permuted_src_datasets
937,4144.182712554932,1.0,1736332756.1943796,,1.842802157625556e-05,1.0,0.001,1,16,40x40,PrototypicalNetwork,5,5,Egyptian,miniImageNet_SOTA_trainSet,False,10,4000,2,exp1_permuted_src_datasets
938,4144.2665293216705,1.0,1736332756.2781963,,2.9686310881515965e-05,1.0,0.001,1,16,40x40,PrototypicalNetwork,5,5,Egyptian,miniImageNet_SOTA_trainSet,False,10,4000,2,exp1_permuted_src_datasets
939,4144.362411022186,1.0,1736332756.374078,,1.8110764358425513e-05,1.0,0.001,1,16,40x40,PrototypicalNetwork,5,5,Egyptian,miniImageNet_SOTA_trainSet,False,10,4000,2,exp1_permuted_src_datasets
940,4144.44394659996,1.0,1736332756.4556136,,1.9468270693323575e-05,1.0,0.001,1,16,40x40,PrototypicalNetwork,5,5,Egyptian,miniImageNet_SOTA_trainSet,False,10,4000,2,exp1_permuted_src_datasets
941,4144.537447690964,1.0,1736332756.5491147,,2.5274755898863077e-05,1.0,0.001,1,16,40x40,PrototypicalNetwork,5,5,Egyptian,miniImageNet_SOTA_trainSet,False,10,4000,2,exp1_permuted_src_datasets
942,4144.621683359146,1.0,1736332756.6333504,,2.114273956976831e-05,1.0,0.001,1,16,40x40,PrototypicalNetwork,5,5,Egyptian,miniImageNet_SOTA_trainSet,False,10,4000,2,exp1_permuted_src_datasets
943,4144.705234527588,1.0,1736332756.7169015,,8.724293365958147e-06,1.0,0.001,1,16,40x40,PrototypicalNetwork,5,5,Egyptian,miniImageNet_SOTA_trainSet,False,10,4000,2,exp1_permuted_src_datasets
944,4144.799876213074,1.0,1736332756.8115432,,2.5306246243417263e-05,1.0,0.001,1,16,40x40,PrototypicalNetwork,5,5,Egyptian,miniImageNet_SOTA_trainSet,False,10,4000,2,exp1_permuted_src_datasets
945,4144.901763677597,1.0,1736332756.9134307,,1.8935859770863317e-05,1.0,0.001,1,16,40x40,PrototypicalNetwork,5,5,Egyptian,miniImageNet_SOTA_trainSet,False,10,4000,2,exp1_permuted_src_datasets
946,4144.991085290909,1.0,1736332757.0027523,,1.7462340110796504e-05,1.0,0.001,1,16,40x40,PrototypicalNetwork,5,5,Egyptian,miniImageNet_SOTA_trainSet,False,10,4000,2,exp1_permuted_src_datasets
947,4145.094109535217,1.0,1736332757.1057765,,5.847921784152277e-05,1.0,0.001,1,16,40x40,PrototypicalNetwork,5,5,Egyptian,miniImageNet_SOTA_trainSet,False,10,4000,2,exp1_permuted_src_datasets
948,4394.936034202576,1.0,1736333006.9477012,0.869650000333786,,,0.001,1,16,40x40,PrototypicalNetwork,5,5,Egyptian,miniImageNet_SOTA_trainSet,False,10,4000,2,exp1_permuted_src_datasets
949,4395.00156211853,1.0,1736333007.0132291,,1.850841726991348e-05,1.0,0.001,1,16,40x40,PrototypicalNetwork,5,5,Egyptian,miniImageNet_SOTA_trainSet,False,10,4000,2,exp1_permuted_src_datasets
950,4395.096183538437,1.0,1736333007.1078506,,3.463134271441959e-05,1.0,0.001,1,16,40x40,PrototypicalNetwork,5,5,Egyptian,miniImageNet_SOTA_trainSet,False,10,4000,2,exp1_permuted_src_datasets
951,4395.20265007019,1.0,1736333007.214317,,1.653369326959364e-05,1.0,0.001,1,16,40x40,PrototypicalNetwork,5,5,Egyptian,miniImageNet_SOTA_trainSet,False,10,4000,2,exp1_permuted_src_datasets
952,4395.292731761932,1.0,1736333007.3043988,,3.0804403650108725e-05,1.0,0.001,1,16,40x40,PrototypicalNetwork,5,5,Egyptian,miniImageNet_SOTA_trainSet,False,10,4000,2,exp1_permuted_src_datasets
953,4395.39041018486,1.0,1736333007.4020772,,9.057516763277818e-06,1.0,0.001,1,16,40x40,PrototypicalNetwork,5,5,Egyptian,miniImageNet_SOTA_trainSet,False,10,4000,2,exp1_permuted_src_datasets
954,4395.473055124283,1.0,1736333007.4847221,,4.018232357339002e-05,1.0,0.001,1,16,40x40,PrototypicalNetwork,5,5,Egyptian,miniImageNet_SOTA_trainSet,False,10,4000,2,exp1_permuted_src_datasets
955,4395.560322761536,1.0,1736333007.5719898,,5.91746938880533e-05,1.0,0.001,1,16,40x40,PrototypicalNetwork,5,5,Egyptian,miniImageNet_SOTA_trainSet,False,10,4000,2,exp1_permuted_src_datasets
956,4395.663183450699,1.0,1736333007.6748505,,4.3720654502976686e-05,1.0,0.001,1,16,40x40,PrototypicalNetwork,5,5,Egyptian,miniImageNet_SOTA_trainSet,False,10,4000,2,exp1_permuted_src_datasets
957,4395.757908582687,1.0,1736333007.7695756,,1.70019302458968e-05,1.0,0.001,1,16,40x40,PrototypicalNetwork,5,5,Egyptian,miniImageNet_SOTA_trainSet,False,10,4000,2,exp1_permuted_src_datasets
958,4395.845277309418,1.0,1736333007.8569443,,6.52059679850936e-05,1.0,0.001,1,16,40x40,PrototypicalNetwork,5,5,Egyptian,miniImageNet_SOTA_trainSet,False,10,4000,2,exp1_permuted_src_datasets
959,4395.936203479767,1.0,1736333007.9478705,,2.9624725357280113e-05,1.0,0.001,1,16,40x40,PrototypicalNetwork,5,5,Egyptian,miniImageNet_SOTA_trainSet,False,10,4000,2,exp1_permuted_src_datasets
960,4396.020001649857,1.0,1736333008.0316687,,1.6164543922059238e-05,1.0,0.001,1,16,40x40,PrototypicalNetwork,5,5,Egyptian,miniImageNet_SOTA_trainSet,False,10,4000,2,exp1_permuted_src_datasets
961,4396.122225284576,1.0,1736333008.1338923,,2.2147525669424795e-05,1.0,0.001,1,16,40x40,PrototypicalNetwork,5,5,Egyptian,miniImageNet_SOTA_trainSet,False,10,4000,2,exp1_permuted_src_datasets
962,4396.220370769501,1.0,1736333008.2320378,,2.720900738495402e-05,1.0,0.001,1,16,40x40,PrototypicalNetwork,5,5,Egyptian,miniImageNet_SOTA_trainSet,False,10,4000,2,exp1_permuted_src_datasets
963,4396.309633016586,1.0,1736333008.3213,,3.0822480766801164e-05,1.0,0.001,1,16,40x40,PrototypicalNetwork,5,5,Egyptian,miniImageNet_SOTA_trainSet,False,10,4000,2,exp1_permuted_src_datasets
964,4396.4129548072815,1.0,1736333008.4246218,,1.9882125343428925e-05,1.0,0.001,1,16,40x40,PrototypicalNetwork,5,5,Egyptian,miniImageNet_SOTA_trainSet,False,10,4000,2,exp1_permuted_src_datasets
965,4396.509596586227,1.0,1736333008.5212636,,9.013384442368988e-06,1.0,0.001,1,16,40x40,PrototypicalNetwork,5,5,Egyptian,miniImageNet_SOTA_trainSet,False,10,4000,2,exp1_permuted_src_datasets
966,4396.59862947464,1.0,1736333008.6102965,,1.6434951248811558e-05,1.0,0.001,1,16,40x40,PrototypicalNetwork,5,5,Egyptian,miniImageNet_SOTA_trainSet,False,10,4000,2,exp1_permuted_src_datasets
967,4396.692794799805,1.0,1736333008.7044618,,2.1166164515307173e-05,1.0,0.001,1,16,40x40,PrototypicalNetwork,5,5,Egyptian,miniImageNet_SOTA_trainSet,False,10,4000,2,exp1_permuted_src_datasets
968,4396.789923429489,1.0,1736333008.8015904,,3.165718226227909e-05,1.0,0.001,1,16,40x40,PrototypicalNetwork,5,5,Egyptian,miniImageNet_SOTA_trainSet,False,10,4000,2,exp1_permuted_src_datasets
969,4396.874274015427,1.0,1736333008.885941,,1.5654239177820273e-05,1.0,0.001,1,16,40x40,PrototypicalNetwork,5,5,Egyptian,miniImageNet_SOTA_trainSet,False,10,4000,2,exp1_permuted_src_datasets
970,4396.955935716629,1.0,1736333008.9676027,,3.2605938031338155e-05,1.0,0.001,1,16,40x40,PrototypicalNetwork,5,5,Egyptian,miniImageNet_SOTA_trainSet,False,10,4000,2,exp1_permuted_src_datasets
971,4397.047558307648,1.0,1736333009.0592253,,2.1691881556762382e-05,1.0,0.001,1,16,40x40,PrototypicalNetwork,5,5,Egyptian,miniImageNet_SOTA_trainSet,False,10,4000,2,exp1_permuted_src_datasets
972,4397.169306755066,1.0,1736333009.1809738,,2.0479754311963916e-05,1.0,0.001,1,16,40x40,PrototypicalNetwork,5,5,Egyptian,miniImageNet_SOTA_trainSet,False,10,4000,2,exp1_permuted_src_datasets
973,4397.257427215576,1.0,1736333009.2690942,,1.4128527254797518e-05,1.0,0.001,1,16,40x40,PrototypicalNetwork,5,5,Egyptian,miniImageNet_SOTA_trainSet,False,10,4000,2,exp1_permuted_src_datasets
974,4397.356332540512,1.0,1736333009.3679996,,2.8135566026321612e-05,1.0,0.001,1,16,40x40,PrototypicalNetwork,5,5,Egyptian,miniImageNet_SOTA_trainSet,False,10,4000,2,exp1_permuted_src_datasets
975,4397.446083068848,1.0,1736333009.45775,,1.1369054845999926e-05,1.0,0.001,1,16,40x40,PrototypicalNetwork,5,5,Egyptian,miniImageNet_SOTA_trainSet,False,10,4000,2,exp1_permuted_src_datasets
976,4397.532068490982,1.0,1736333009.5437355,,3.803850631811656e-05,1.0,0.001,1,16,40x40,PrototypicalNetwork,5,5,Egyptian,miniImageNet_SOTA_trainSet,False,10,4000,2,exp1_permuted_src_datasets
977,4397.626492023468,1.0,1736333009.638159,,3.308288432890549e-05,1.0,0.001,1,16,40x40,PrototypicalNetwork,5,5,Egyptian,miniImageNet_SOTA_trainSet,False,10,4000,2,exp1_permuted_src_datasets
978,4397.716380596161,1.0,1736333009.7280476,,2.2566917323274538e-05,1.0,0.001,1,16,40x40,PrototypicalNetwork,5,5,Egyptian,miniImageNet_SOTA_trainSet,False,10,4000,2,exp1_permuted_src_datasets
979,4397.804691553116,1.0,1736333009.8163586,,1.8732400349108502e-05,1.0,0.001,1,16,40x40,PrototypicalNetwork,5,5,Egyptian,miniImageNet_SOTA_trainSet,False,10,4000,2,exp1_permuted_src_datasets
980,4397.904251813889,1.0,1736333009.9159188,,1.5863126463955268e-05,1.0,0.001,1,16,40x40,PrototypicalNetwork,5,5,Egyptian,miniImageNet_SOTA_trainSet,False,10,4000,2,exp1_permuted_src_datasets
981,4397.986039876938,1.0,1736333009.997707,,3.4931865229737014e-05,1.0,0.001,1,16,40x40,PrototypicalNetwork,5,5,Egyptian,miniImageNet_SOTA_trainSet,False,10,4000,2,exp1_permuted_src_datasets
982,4398.097600221634,1.0,1736333010.1092672,,1.4136216123006307e-05,1.0,0.001,1,16,40x40,PrototypicalNetwork,5,5,Egyptian,miniImageNet_SOTA_trainSet,False,10,4000,2,exp1_permuted_src_datasets
983,4398.190545320511,1.0,1736333010.2022123,,5.0989816372748464e-05,1.0,0.001,1,16,40x40,PrototypicalNetwork,5,5,Egyptian,miniImageNet_SOTA_trainSet,False,10,4000,2,exp1_permuted_src_datasets
984,4398.288225412369,1.0,1736333010.2998924,,2.350436625420116e-05,1.0,0.001,1,16,40x40,PrototypicalNetwork,5,5,Egyptian,miniImageNet_SOTA_trainSet,False,10,4000,2,exp1_permuted_src_datasets
985,4398.430696964264,1.0,1736333010.442364,,1.2914196304336656e-05,1.0,0.001,1,16,40x40,PrototypicalNetwork,5,5,Egyptian,miniImageNet_SOTA_trainSet,False,10,4000,2,exp1_permuted_src_datasets
986,4398.519966125488,1.0,1736333010.5316331,,3.221083170501515e-05,1.0,0.001,1,16,40x40,PrototypicalNetwork,5,5,Egyptian,miniImageNet_SOTA_trainSet,False,10,4000,2,exp1_permuted_src_datasets
987,4398.606793165207,1.0,1736333010.6184602,,1.2005332791886758e-05,1.0,0.001,1,16,40x40,PrototypicalNetwork,5,5,Egyptian,miniImageNet_SOTA_trainSet,False,10,4000,2,exp1_permuted_src_datasets
988,4398.6951377391815,1.0,1736333010.7068048,,2.7014673833036795e-05,1.0,0.001,1,16,40x40,PrototypicalNetwork,5,5,Egyptian,miniImageNet_SOTA_trainSet,False,10,4000,2,exp1_permuted_src_datasets
989,4398.791087627411,1.0,1736333010.8027546,,1.4879240552545525e-05,1.0,0.001,1,16,40x40,PrototypicalNetwork,5,5,Egyptian,miniImageNet_SOTA_trainSet,False,10,4000,2,exp1_permuted_src_datasets
990,4398.908942937851,1.0,1736333010.92061,,1.4088170246395748e-05,1.0,0.001,1,16,40x40,PrototypicalNetwork,5,5,Egyptian,miniImageNet_SOTA_trainSet,False,10,4000,2,exp1_permuted_src_datasets
991,4398.997338294983,1.0,1736333011.0090053,,1.2887294360552914e-05,1.0,0.001,1,16,40x40,PrototypicalNetwork,5,5,Egyptian,miniImageNet_SOTA_trainSet,False,10,4000,2,exp1_permuted_src_datasets
992,4399.0823884010315,1.0,1736333011.0940554,,1.1596734111662954e-05,1.0,0.001,1,16,40x40,PrototypicalNetwork,5,5,Egyptian,miniImageNet_SOTA_trainSet,False,10,4000,2,exp1_permuted_src_datasets
993,4399.167867898941,1.0,1736333011.179535,,2.8112979634897783e-05,1.0,0.001,1,16,40x40,PrototypicalNetwork,5,5,Egyptian,miniImageNet_SOTA_trainSet,False,10,4000,2,exp1_permuted_src_datasets
994,4399.260727643967,1.0,1736333011.2723947,,6.022337402100675e-05,1.0,0.001,1,16,40x40,PrototypicalNetwork,5,5,Egyptian,miniImageNet_SOTA_trainSet,False,10,4000,2,exp1_permuted_src_datasets
995,4399.368896007538,1.0,1736333011.380563,,1.837596391851548e-05,1.0,0.001,1,16,40x40,PrototypicalNetwork,5,5,Egyptian,miniImageNet_SOTA_trainSet,False,10,4000,2,exp1_permuted_src_datasets
996,4399.4664487838745,1.0,1736333011.4781158,,1.1479312888695858e-05,1.0,0.001,1,16,40x40,PrototypicalNetwork,5,5,Egyptian,miniImageNet_SOTA_trainSet,False,10,4000,2,exp1_permuted_src_datasets
997,4399.578804254532,1.0,1736333011.5904713,,3.2433388696517795e-05,1.0,0.001,1,16,40x40,PrototypicalNetwork,5,5,Egyptian,miniImageNet_SOTA_trainSet,False,10,4000,2,exp1_permuted_src_datasets
998,4399.667997121811,1.0,1736333011.6796641,,1.6887575839064084e-05,1.0,0.001,1,16,40x40,PrototypicalNetwork,5,5,Egyptian,miniImageNet_SOTA_trainSet,False,10,4000,2,exp1_permuted_src_datasets
999,4399.757113695145,1.0,1736333011.7687807,,1.9356606571818702e-05,1.0,0.001,1,16,40x40,PrototypicalNetwork,5,5,Egyptian,miniImageNet_SOTA_trainSet,False,10,4000,2,exp1_permuted_src_datasets
1000,4399.841316461563,1.0,1736333011.8529835,,2.944069819932338e-05,1.0,0.001,1,16,40x40,PrototypicalNetwork,5,5,Egyptian,miniImageNet_SOTA_trainSet,False,10,4000,2,exp1_permuted_src_datasets
1001,4399.923058271408,1.0,1736333011.9347253,,2.903934000642039e-05,1.0,0.001,1,16,40x40,PrototypicalNetwork,5,5,Egyptian,miniImageNet_SOTA_trainSet,False,10,4000,2,exp1_permuted_src_datasets
1002,4400.006708860397,1.0,1736333012.0183759,,1.0620771718095057e-05,1.0,0.001,1,16,40x40,PrototypicalNetwork,5,5,Egyptian,miniImageNet_SOTA_trainSet,False,10,4000,2,exp1_permuted_src_datasets
1003,4400.106064796448,1.0,1736333012.1177318,,2.8006697903038003e-05,1.0,0.001,1,16,40x40,PrototypicalNetwork,5,5,Egyptian,miniImageNet_SOTA_trainSet,False,10,4000,2,exp1_permuted_src_datasets
1004,4400.204181432724,1.0,1736333012.2158484,,1.426622020517243e-05,1.0,0.001,1,16,40x40,PrototypicalNetwork,5,5,Egyptian,miniImageNet_SOTA_trainSet,False,10,4000,2,exp1_permuted_src_datasets
1005,4400.298508167267,1.0,1736333012.3101752,,1.5282814274542034e-05,1.0,0.001,1,16,40x40,PrototypicalNetwork,5,5,Egyptian,miniImageNet_SOTA_trainSet,False,10,4000,2,exp1_permuted_src_datasets
1006,4400.38841342926,1.0,1736333012.4000804,,3.393391307326965e-05,1.0,0.001,1,16,40x40,PrototypicalNetwork,5,5,Egyptian,miniImageNet_SOTA_trainSet,False,10,4000,2,exp1_permuted_src_datasets
1007,4400.471727609634,1.0,1736333012.4833946,,4.9173180741490796e-05,1.0,0.001,1,16,40x40,PrototypicalNetwork,5,5,Egyptian,miniImageNet_SOTA_trainSet,False,10,4000,2,exp1_permuted_src_datasets
1008,4400.568466663361,1.0,1736333012.5801337,,2.59809494309593e-05,1.0,0.001,1,16,40x40,PrototypicalNetwork,5,5,Egyptian,miniImageNet_SOTA_trainSet,False,10,4000,2,exp1_permuted_src_datasets
1009,4400.658008337021,1.0,1736333012.6696754,,2.1166577425901778e-05,1.0,0.001,1,16,40x40,PrototypicalNetwork,5,5,Egyptian,miniImageNet_SOTA_trainSet,False,10,4000,2,exp1_permuted_src_datasets
1010,4400.751019001007,1.0,1736333012.762686,,1.8448230548528954e-05,1.0,0.001,1,16,40x40,PrototypicalNetwork,5,5,Egyptian,miniImageNet_SOTA_trainSet,False,10,4000,2,exp1_permuted_src_datasets
1011,4650.512285709381,1.0,1736333262.5239527,0.8687999999523163,,,0.001,1,16,40x40,PrototypicalNetwork,5,5,Egyptian,miniImageNet_SOTA_trainSet,False,10,4000,2,exp1_permuted_src_datasets
1012,4650.578538894653,1.0,1736333262.590206,,1.6016412700992078e-05,1.0,0.001,1,16,40x40,PrototypicalNetwork,5,5,Egyptian,miniImageNet_SOTA_trainSet,False,10,4000,2,exp1_permuted_src_datasets
1013,4650.701703310013,1.0,1736333262.7133703,,7.612693480041344e-06,1.0,0.001,1,16,40x40,PrototypicalNetwork,5,5,Egyptian,miniImageNet_SOTA_trainSet,False,10,4000,2,exp1_permuted_src_datasets
1014,4650.8043332099915,1.0,1736333262.8160002,,1.8997714505530894e-05,1.0,0.001,1,16,40x40,PrototypicalNetwork,5,5,Egyptian,miniImageNet_SOTA_trainSet,False,10,4000,2,exp1_permuted_src_datasets
1015,4650.904584407806,1.0,1736333262.9162514,,2.1396312149590813e-05,1.0,0.001,1,16,40x40,PrototypicalNetwork,5,5,Egyptian,miniImageNet_SOTA_trainSet,False,10,4000,2,exp1_permuted_src_datasets
1016,4651.013731241226,1.0,1736333263.0253983,,5.9041914937552065e-05,1.0,0.001,1,16,40x40,PrototypicalNetwork,5,5,Egyptian,miniImageNet_SOTA_trainSet,False,10,4000,2,exp1_permuted_src_datasets
1017,4651.102556228638,1.0,1736333263.1142232,,3.745958747458644e-05,1.0,0.001,1,16,40x40,PrototypicalNetwork,5,5,Egyptian,miniImageNet_SOTA_trainSet,False,10,4000,2,exp1_permuted_src_datasets
1018,4651.190511703491,1.0,1736333263.2021787,,1.6362731912522577e-05,1.0,0.001,1,16,40x40,PrototypicalNetwork,5,5,Egyptian,miniImageNet_SOTA_trainSet,False,10,4000,2,exp1_permuted_src_datasets
1019,4651.288395643234,1.0,1736333263.3000627,,2.3715429051662795e-05,1.0,0.001,1,16,40x40,PrototypicalNetwork,5,5,Egyptian,miniImageNet_SOTA_trainSet,False,10,4000,2,exp1_permuted_src_datasets
1020,4651.367807149887,1.0,1736333263.3794742,,8.271394108305685e-06,1.0,0.001,1,16,40x40,PrototypicalNetwork,5,5,Egyptian,miniImageNet_SOTA_trainSet,False,10,4000,2,exp1_permuted_src_datasets
1021,4651.473854064941,1.0,1736333263.485521,,7.782571628922597e-06,1.0,0.001,1,16,40x40,PrototypicalNetwork,5,5,Egyptian,miniImageNet_SOTA_trainSet,False,10,4000,2,exp1_permuted_src_datasets
1022,4651.554158687592,1.0,1736333263.5658257,,1.2686186892096885e-05,1.0,0.001,1,16,40x40,PrototypicalNetwork,5,5,Egyptian,miniImageNet_SOTA_trainSet,False,10,4000,2,exp1_permuted_src_datasets
1023,4651.641275405884,1.0,1736333263.6529424,,1.6082052752608433e-05,1.0,0.001,1,16,40x40,PrototypicalNetwork,5,5,Egyptian,miniImageNet_SOTA_trainSet,False,10,4000,2,exp1_permuted_src_datasets
1024,4651.738612174988,1.0,1736333263.7502792,,1.2951035387231968e-05,1.0,0.001,1,16,40x40,PrototypicalNetwork,5,5,Egyptian,miniImageNet_SOTA_trainSet,False,10,4000,2,exp1_permuted_src_datasets
1025,4651.833221197128,1.0,1736333263.8448882,,1.532130772829987e-05,1.0,0.001,1,16,40x40,PrototypicalNetwork,5,5,Egyptian,miniImageNet_SOTA_trainSet,False,10,4000,2,exp1_permuted_src_datasets
1026,4651.921413898468,1.0,1736333263.933081,,1.652364881010726e-05,1.0,0.001,1,16,40x40,PrototypicalNetwork,5,5,Egyptian,miniImageNet_SOTA_trainSet,False,10,4000,2,exp1_permuted_src_datasets
1027,4652.021795749664,1.0,1736333264.0334628,,1.255288952961564e-05,1.0,0.001,1,16,40x40,PrototypicalNetwork,5,5,Egyptian,miniImageNet_SOTA_trainSet,False,10,4000,2,exp1_permuted_src_datasets
1028,4652.105548381805,1.0,1736333264.1172154,,5.10949485033052e-06,1.0,0.001,1,16,40x40,PrototypicalNetwork,5,5,Egyptian,miniImageNet_SOTA_trainSet,False,10,4000,2,exp1_permuted_src_datasets
1029,4652.207119703293,1.0,1736333264.2187867,,2.0227100321790203e-05,1.0,0.001,1,16,40x40,PrototypicalNetwork,5,5,Egyptian,miniImageNet_SOTA_trainSet,False,10,4000,2,exp1_permuted_src_datasets
1030,4652.294043779373,1.0,1736333264.3057108,,2.7823329219245352e-05,1.0,0.001,1,16,40x40,PrototypicalNetwork,5,5,Egyptian,miniImageNet_SOTA_trainSet,False,10,4000,2,exp1_permuted_src_datasets
1031,4652.376708269119,1.0,1736333264.3883753,,4.519106732914224e-05,1.0,0.001,1,16,40x40,PrototypicalNetwork,5,5,Egyptian,miniImageNet_SOTA_trainSet,False,10,4000,2,exp1_permuted_src_datasets
1032,4652.464377164841,1.0,1736333264.4760442,,1.606987279956229e-05,1.0,0.001,1,16,40x40,PrototypicalNetwork,5,5,Egyptian,miniImageNet_SOTA_trainSet,False,10,4000,2,exp1_permuted_src_datasets
1033,4652.56384563446,1.0,1736333264.5755126,,1.990834243770223e-05,1.0,0.001,1,16,40x40,PrototypicalNetwork,5,5,Egyptian,miniImageNet_SOTA_trainSet,False,10,4000,2,exp1_permuted_src_datasets
1034,4652.66206073761,1.0,1736333264.6737278,,1.4403492968995124e-05,1.0,0.001,1,16,40x40,PrototypicalNetwork,5,5,Egyptian,miniImageNet_SOTA_trainSet,False,10,4000,2,exp1_permuted_src_datasets
1035,4652.7581560611725,1.0,1736333264.769823,,4.558663204079494e-05,1.0,0.001,1,16,40x40,PrototypicalNetwork,5,5,Egyptian,miniImageNet_SOTA_trainSet,False,10,4000,2,exp1_permuted_src_datasets
1036,4652.867051124573,1.0,1736333264.8787181,,1.8480004655430093e-05,1.0,0.001,1,16,40x40,PrototypicalNetwork,5,5,Egyptian,miniImageNet_SOTA_trainSet,False,10,4000,2,exp1_permuted_src_datasets
1037,4652.954109668732,1.0,1736333264.9657767,,1.1588075722102076e-05,1.0,0.001,1,16,40x40,PrototypicalNetwork,5,5,Egyptian,miniImageNet_SOTA_trainSet,False,10,4000,2,exp1_permuted_src_datasets
1038,4653.055296182632,1.0,1736333265.0669632,,3.126743104076013e-05,1.0,0.001,1,16,40x40,PrototypicalNetwork,5,5,Egyptian,miniImageNet_SOTA_trainSet,False,10,4000,2,exp1_permuted_src_datasets
1039,4653.148650884628,1.0,1736333265.160318,,1.6686890376149677e-05,1.0,0.001,1,16,40x40,PrototypicalNetwork,5,5,Egyptian,miniImageNet_SOTA_trainSet,False,10,4000,2,exp1_permuted_src_datasets
1040,4653.240309000015,1.0,1736333265.251976,,1.5177410205069464e-05,1.0,0.001,1,16,40x40,PrototypicalNetwork,5,5,Egyptian,miniImageNet_SOTA_trainSet,False,10,4000,2,exp1_permuted_src_datasets
1041,4653.32919216156,1.0,1736333265.3408592,,3.822010330623016e-05,1.0,0.001,1,16,40x40,PrototypicalNetwork,5,5,Egyptian,miniImageNet_SOTA_trainSet,False,10,4000,2,exp1_permuted_src_datasets
1042,4653.440247774124,1.0,1736333265.4519148,,0.00011202989844605327,1.0,0.001,1,16,40x40,PrototypicalNetwork,5,5,Egyptian,miniImageNet_SOTA_trainSet,False,10,4000,2,exp1_permuted_src_datasets
1043,4653.534839391708,1.0,1736333265.5465064,,1.6595238776062615e-05,1.0,0.001,1,16,40x40,PrototypicalNetwork,5,5,Egyptian,miniImageNet_SOTA_trainSet,False,10,4000,2,exp1_permuted_src_datasets
1044,4653.6225917339325,1.0,1736333265.6342587,,9.133701496466529e-06,1.0,0.001,1,16,40x40,PrototypicalNetwork,5,5,Egyptian,miniImageNet_SOTA_trainSet,False,10,4000,2,exp1_permuted_src_datasets
1045,4653.7256145477295,1.0,1736333265.7372816,,2.1293290046742186e-05,1.0,0.001,1,16,40x40,PrototypicalNetwork,5,5,Egyptian,miniImageNet_SOTA_trainSet,False,10,4000,2,exp1_permuted_src_datasets
1046,4653.815023899078,1.0,1736333265.826691,,6.197116363182431e-06,1.0,0.001,1,16,40x40,PrototypicalNetwork,5,5,Egyptian,miniImageNet_SOTA_trainSet,False,10,4000,2,exp1_permuted_src_datasets
1047,4653.895162820816,1.0,1736333265.9068298,,1.2023144336126279e-05,1.0,0.001,1,16,40x40,PrototypicalNetwork,5,5,Egyptian,miniImageNet_SOTA_trainSet,False,10,4000,2,exp1_permuted_src_datasets
1048,4654.0176475048065,1.0,1736333266.0293145,,1.599049755895976e-05,1.0,0.001,1,16,40x40,PrototypicalNetwork,5,5,Egyptian,miniImageNet_SOTA_trainSet,False,10,4000,2,exp1_permuted_src_datasets
1049,4654.100560665131,1.0,1736333266.1122277,,7.316274604818318e-06,1.0,0.001,1,16,40x40,PrototypicalNetwork,5,5,Egyptian,miniImageNet_SOTA_trainSet,False,10,4000,2,exp1_permuted_src_datasets
1050,4654.201728582382,1.0,1736333266.2133956,,1.2522383258328773e-05,1.0,0.001,1,16,40x40,PrototypicalNetwork,5,5,Egyptian,miniImageNet_SOTA_trainSet,False,10,4000,2,exp1_permuted_src_datasets
1051,4654.285890579224,1.0,1736333266.2975576,,1.479888851463329e-05,1.0,0.001,1,16,40x40,PrototypicalNetwork,5,5,Egyptian,miniImageNet_SOTA_trainSet,False,10,4000,2,exp1_permuted_src_datasets
1052,4654.385040521622,1.0,1736333266.3967075,,1.9063392755924724e-05,1.0,0.001,1,16,40x40,PrototypicalNetwork,5,5,Egyptian,miniImageNet_SOTA_trainSet,False,10,4000,2,exp1_permuted_src_datasets
1053,4654.482215881348,1.0,1736333266.493883,,4.164667188888416e-06,1.0,0.001,1,16,40x40,PrototypicalNetwork,5,5,Egyptian,miniImageNet_SOTA_trainSet,False,10,4000,2,exp1_permuted_src_datasets
1054,4654.564759254456,1.0,1736333266.5764263,,9.729764315125067e-06,1.0,0.001,1,16,40x40,PrototypicalNetwork,5,5,Egyptian,miniImageNet_SOTA_trainSet,False,10,4000,2,exp1_permuted_src_datasets
1055,4654.6471354961395,1.0,1736333266.6588025,,1.8495260519557633e-05,1.0,0.001,1,16,40x40,PrototypicalNetwork,5,5,Egyptian,miniImageNet_SOTA_trainSet,False,10,4000,2,exp1_permuted_src_datasets
1056,4654.7325558662415,1.0,1736333266.7442229,,1.1236430509597994e-05,1.0,0.001,1,16,40x40,PrototypicalNetwork,5,5,Egyptian,miniImageNet_SOTA_trainSet,False,10,4000,2,exp1_permuted_src_datasets
1057,4654.821312665939,1.0,1736333266.8329797,,4.8459918616572395e-05,1.0,0.001,1,16,40x40,PrototypicalNetwork,5,5,Egyptian,miniImageNet_SOTA_trainSet,False,10,4000,2,exp1_permuted_src_datasets
1058,4654.913243293762,1.0,1736333266.9249103,,9.041703378898092e-06,1.0,0.001,1,16,40x40,PrototypicalNetwork,5,5,Egyptian,miniImageNet_SOTA_trainSet,False,10,4000,2,exp1_permuted_src_datasets
1059,4655.021141290665,1.0,1736333267.0328083,,1.734629404381849e-05,1.0,0.001,1,16,40x40,PrototypicalNetwork,5,5,Egyptian,miniImageNet_SOTA_trainSet,False,10,4000,2,exp1_permuted_src_datasets
1060,4655.119988679886,1.0,1736333267.1316557,,2.2087066099629737e-05,1.0,0.001,1,16,40x40,PrototypicalNetwork,5,5,Egyptian,miniImageNet_SOTA_trainSet,False,10,4000,2,exp1_permuted_src_datasets
1061,4655.201493501663,1.0,1736333267.2131605,,1.2328488992352504e-05,1.0,0.001,1,16,40x40,PrototypicalNetwork,5,5,Egyptian,miniImageNet_SOTA_trainSet,False,10,4000,2,exp1_permuted_src_datasets
1062,4655.291245222092,1.0,1736333267.3029122,,1.0243903489026707e-05,1.0,0.001,1,16,40x40,PrototypicalNetwork,5,5,Egyptian,miniImageNet_SOTA_trainSet,False,10,4000,2,exp1_permuted_src_datasets
1063,4655.396327972412,1.0,1736333267.407995,,1.2821605196222663e-05,1.0,0.001,1,16,40x40,PrototypicalNetwork,5,5,Egyptian,miniImageNet_SOTA_trainSet,False,10,4000,2,exp1_permuted_src_datasets
1064,4655.478712797165,1.0,1736333267.4903798,,2.3268916265806183e-05,1.0,0.001,1,16,40x40,PrototypicalNetwork,5,5,Egyptian,miniImageNet_SOTA_trainSet,False,10,4000,2,exp1_permuted_src_datasets
1065,4655.566291093826,1.0,1736333267.577958,,1.7859478248283267e-05,1.0,0.001,1,16,40x40,PrototypicalNetwork,5,5,Egyptian,miniImageNet_SOTA_trainSet,False,10,4000,2,exp1_permuted_src_datasets
1066,4655.647280216217,1.0,1736333267.6589472,,2.006679460464511e-05,1.0,0.001,1,16,40x40,PrototypicalNetwork,5,5,Egyptian,miniImageNet_SOTA_trainSet,False,10,4000,2,exp1_permuted_src_datasets
1067,4655.728322029114,1.0,1736333267.739989,,1.5738494766992517e-05,1.0,0.001,1,16,40x40,PrototypicalNetwork,5,5,Egyptian,miniImageNet_SOTA_trainSet,False,10,4000,2,exp1_permuted_src_datasets
1068,4655.817571401596,1.0,1736333267.8292384,,1.2388914001348894e-05,1.0,0.001,1,16,40x40,PrototypicalNetwork,5,5,Egyptian,miniImageNet_SOTA_trainSet,False,10,4000,2,exp1_permuted_src_datasets
1069,4655.906221866608,1.0,1736333267.9178889,,7.530610218964284e-06,1.0,0.001,1,16,40x40,PrototypicalNetwork,5,5,Egyptian,miniImageNet_SOTA_trainSet,False,10,4000,2,exp1_permuted_src_datasets
1070,4655.992143630981,1.0,1736333268.0038106,,1.1786150025727693e-05,1.0,0.001,1,16,40x40,PrototypicalNetwork,5,5,Egyptian,miniImageNet_SOTA_trainSet,False,10,4000,2,exp1_permuted_src_datasets
1071,4656.09375667572,1.0,1736333268.1054237,,1.7616772311157547e-05,1.0,0.001,1,16,40x40,PrototypicalNetwork,5,5,Egyptian,miniImageNet_SOTA_trainSet,False,10,4000,2,exp1_permuted_src_datasets
1072,4656.176718950272,1.0,1736333268.188386,,1.8005437596002594e-05,1.0,0.001,1,16,40x40,PrototypicalNetwork,5,5,Egyptian,miniImageNet_SOTA_trainSet,False,10,4000,2,exp1_permuted_src_datasets
1073,4656.263366937637,1.0,1736333268.275034,,1.4482300684903748e-05,1.0,0.001,1,16,40x40,PrototypicalNetwork,5,5,Egyptian,miniImageNet_SOTA_trainSet,False,10,4000,2,exp1_permuted_src_datasets
1074,4906.926428556442,1.0,1736333518.9380956,0.8724999992847443,,,0.001,1,16,40x40,PrototypicalNetwork,5,5,Egyptian,miniImageNet_SOTA_trainSet,False,10,4000,2,exp1_permuted_src_datasets
1075,4907.003554344177,1.0,1736333519.0152214,,2.201103779952973e-05,1.0,0.001,1,16,40x40,PrototypicalNetwork,5,5,Egyptian,miniImageNet_SOTA_trainSet,False,10,4000,2,exp1_permuted_src_datasets
1076,4907.099038600922,1.0,1736333519.1107056,,1.8631297280080616e-05,1.0,0.001,1,16,40x40,PrototypicalNetwork,5,5,Egyptian,miniImageNet_SOTA_trainSet,False,10,4000,2,exp1_permuted_src_datasets
1077,4907.191376686096,1.0,1736333519.2030437,,3.336470399517566e-05,1.0,0.001,1,16,40x40,PrototypicalNetwork,5,5,Egyptian,miniImageNet_SOTA_trainSet,False,10,4000,2,exp1_permuted_src_datasets
1078,4907.289212465286,1.0,1736333519.3008795,,2.6765581424115226e-05,1.0,0.001,1,16,40x40,PrototypicalNetwork,5,5,Egyptian,miniImageNet_SOTA_trainSet,False,10,4000,2,exp1_permuted_src_datasets
1079,4907.384588241577,1.0,1736333519.3962553,,1.3273318472784013e-05,1.0,0.001,1,16,40x40,PrototypicalNetwork,5,5,Egyptian,miniImageNet_SOTA_trainSet,False,10,4000,2,exp1_permuted_src_datasets
1080,4907.469133853912,1.0,1736333519.4808009,,2.1127387299202383e-05,1.0,0.001,1,16,40x40,PrototypicalNetwork,5,5,Egyptian,miniImageNet_SOTA_trainSet,False,10,4000,2,exp1_permuted_src_datasets
1081,4907.576477527618,1.0,1736333519.5881445,,7.973276296979748e-06,1.0,0.001,1,16,40x40,PrototypicalNetwork,5,5,Egyptian,miniImageNet_SOTA_trainSet,False,10,4000,2,exp1_permuted_src_datasets
1082,4907.6718010902405,1.0,1736333519.683468,,7.399766218441073e-06,1.0,0.001,1,16,40x40,PrototypicalNetwork,5,5,Egyptian,miniImageNet_SOTA_trainSet,False,10,4000,2,exp1_permuted_src_datasets
1083,4907.775906085968,1.0,1736333519.787573,,1.5745617929496802e-05,1.0,0.001,1,16,40x40,PrototypicalNetwork,5,5,Egyptian,miniImageNet_SOTA_trainSet,False,10,4000,2,exp1_permuted_src_datasets
1084,4907.8698189258575,1.0,1736333519.881486,,1.3109322935633827e-05,1.0,0.001,1,16,40x40,PrototypicalNetwork,5,5,Egyptian,miniImageNet_SOTA_trainSet,False,10,4000,2,exp1_permuted_src_datasets
1085,4907.958333015442,1.0,1736333519.97,,1.3710705388803035e-05,1.0,0.001,1,16,40x40,PrototypicalNetwork,5,5,Egyptian,miniImageNet_SOTA_trainSet,False,10,4000,2,exp1_permuted_src_datasets
1086,4908.053032398224,1.0,1736333520.0646994,,8.466588042210788e-06,1.0,0.001,1,16,40x40,PrototypicalNetwork,5,5,Egyptian,miniImageNet_SOTA_trainSet,False,10,4000,2,exp1_permuted_src_datasets
1087,4908.149945259094,1.0,1736333520.1616123,,1.848945794336032e-05,1.0,0.001,1,16,40x40,PrototypicalNetwork,5,5,Egyptian,miniImageNet_SOTA_trainSet,False,10,4000,2,exp1_permuted_src_datasets
1088,4908.23477435112,1.0,1736333520.2464414,,2.353813215449918e-05,1.0,0.001,1,16,40x40,PrototypicalNetwork,5,5,Egyptian,miniImageNet_SOTA_trainSet,False,10,4000,2,exp1_permuted_src_datasets
1089,4908.3438267707825,1.0,1736333520.3554938,,9.031179615703877e-06,1.0,0.001,1,16,40x40,PrototypicalNetwork,5,5,Egyptian,miniImageNet_SOTA_trainSet,False,10,4000,2,exp1_permuted_src_datasets
1090,4908.45710682869,1.0,1736333520.4687738,,1.729585164866876e-05,1.0,0.001,1,16,40x40,PrototypicalNetwork,5,5,Egyptian,miniImageNet_SOTA_trainSet,False,10,4000,2,exp1_permuted_src_datasets
1091,4908.549036741257,1.0,1736333520.5607038,,9.3037433543941e-06,1.0,0.001,1,16,40x40,PrototypicalNetwork,5,5,Egyptian,miniImageNet_SOTA_trainSet,False,10,4000,2,exp1_permuted_src_datasets
1092,4908.6365122795105,1.0,1736333520.6481793,,1.6917114407988265e-05,1.0,0.001,1,16,40x40,PrototypicalNetwork,5,5,Egyptian,miniImageNet_SOTA_trainSet,False,10,4000,2,exp1_permuted_src_datasets
1093,4908.721502542496,1.0,1736333520.7331696,,1.4743159226782154e-05,1.0,0.001,1,16,40x40,PrototypicalNetwork,5,5,Egyptian,miniImageNet_SOTA_trainSet,False,10,4000,2,exp1_permuted_src_datasets
1094,4908.821097135544,1.0,1736333520.8327641,,1.045569842972327e-05,1.0,0.001,1,16,40x40,PrototypicalNetwork,5,5,Egyptian,miniImageNet_SOTA_trainSet,False,10,4000,2,exp1_permuted_src_datasets
1095,4908.928631544113,1.0,1736333520.9402986,,1.0434907380840741e-05,1.0,0.001,1,16,40x40,PrototypicalNetwork,5,5,Egyptian,miniImageNet_SOTA_trainSet,False,10,4000,2,exp1_permuted_src_datasets
1096,4909.031015634537,1.0,1736333521.0426826,,2.182734533562325e-05,1.0,0.001,1,16,40x40,PrototypicalNetwork,5,5,Egyptian,miniImageNet_SOTA_trainSet,False,10,4000,2,exp1_permuted_src_datasets
1097,4909.1397025585175,1.0,1736333521.1513696,,1.3632326954393648e-05,1.0,0.001,1,16,40x40,PrototypicalNetwork,5,5,Egyptian,miniImageNet_SOTA_trainSet,False,10,4000,2,exp1_permuted_src_datasets
1098,4909.244089841843,1.0,1736333521.2557569,,6.52203880235902e-06,1.0,0.001,1,16,40x40,PrototypicalNetwork,5,5,Egyptian,miniImageNet_SOTA_trainSet,False,10,4000,2,exp1_permuted_src_datasets
1099,4909.336872577667,1.0,1736333521.3485396,,1.4433959222515114e-05,1.0,0.001,1,16,40x40,PrototypicalNetwork,5,5,Egyptian,miniImageNet_SOTA_trainSet,False,10,4000,2,exp1_permuted_src_datasets
1100,4909.443150281906,1.0,1736333521.4548173,,1.4183899111230858e-05,1.0,0.001,1,16,40x40,PrototypicalNetwork,5,5,Egyptian,miniImageNet_SOTA_trainSet,False,10,4000,2,exp1_permuted_src_datasets
1101,4909.555926561356,1.0,1736333521.5675936,,1.928008714457974e-05,1.0,0.001,1,16,40x40,PrototypicalNetwork,5,5,Egyptian,miniImageNet_SOTA_trainSet,False,10,4000,2,exp1_permuted_src_datasets
1102,4909.67006611824,1.0,1736333521.6817331,,1.107084517570911e-05,1.0,0.001,1,16,40x40,PrototypicalNetwork,5,5,Egyptian,miniImageNet_SOTA_trainSet,False,10,4000,2,exp1_permuted_src_datasets
1103,4909.78795838356,1.0,1736333521.7996254,,4.959001216775505e-06,1.0,0.001,1,16,40x40,PrototypicalNetwork,5,5,Egyptian,miniImageNet_SOTA_trainSet,False,10,4000,2,exp1_permuted_src_datasets
1104,4909.903464078903,1.0,1736333521.915131,,2.0512083210633136e-05,1.0,0.001,1,16,40x40,PrototypicalNetwork,5,5,Egyptian,miniImageNet_SOTA_trainSet,False,10,4000,2,exp1_permuted_src_datasets
1105,4910.011159420013,1.0,1736333522.0228264,,1.5313005860662088e-05,1.0,0.001,1,16,40x40,PrototypicalNetwork,5,5,Egyptian,miniImageNet_SOTA_trainSet,False,10,4000,2,exp1_permuted_src_datasets
1106,4910.112258672714,1.0,1736333522.1239257,,1.0241265044896863e-05,1.0,0.001,1,16,40x40,PrototypicalNetwork,5,5,Egyptian,miniImageNet_SOTA_trainSet,False,10,4000,2,exp1_permuted_src_datasets
1107,4910.228382587433,1.0,1736333522.2400496,,1.919184796861373e-05,1.0,0.001,1,16,40x40,PrototypicalNetwork,5,5,Egyptian,miniImageNet_SOTA_trainSet,False,10,4000,2,exp1_permuted_src_datasets
1108,4910.314769268036,1.0,1736333522.3264363,,1.2310818419791758e-05,1.0,0.001,1,16,40x40,PrototypicalNetwork,5,5,Egyptian,miniImageNet_SOTA_trainSet,False,10,4000,2,exp1_permuted_src_datasets
1109,4910.399174928665,1.0,1736333522.410842,,1.5624198567820713e-05,1.0,0.001,1,16,40x40,PrototypicalNetwork,5,5,Egyptian,miniImageNet_SOTA_trainSet,False,10,4000,2,exp1_permuted_src_datasets
1110,4910.488843917847,1.0,1736333522.500511,,8.365211215277668e-06,1.0,0.001,1,16,40x40,PrototypicalNetwork,5,5,Egyptian,miniImageNet_SOTA_trainSet,False,10,4000,2,exp1_permuted_src_datasets
1111,4910.594610214233,1.0,1736333522.6062772,,3.740179818123579e-05,1.0,0.001,1,16,40x40,PrototypicalNetwork,5,5,Egyptian,miniImageNet_SOTA_trainSet,False,10,4000,2,exp1_permuted_src_datasets
1112,4910.701264858246,1.0,1736333522.7129319,,1.6328205674653873e-05,1.0,0.001,1,16,40x40,PrototypicalNetwork,5,5,Egyptian,miniImageNet_SOTA_trainSet,False,10,4000,2,exp1_permuted_src_datasets
1113,4910.806259632111,1.0,1736333522.8179266,,1.9433873603702523e-05,1.0,0.001,1,16,40x40,PrototypicalNetwork,5,5,Egyptian,miniImageNet_SOTA_trainSet,False,10,4000,2,exp1_permuted_src_datasets
1114,4910.938808917999,1.0,1736333522.950476,,1.6529602362425067e-05,1.0,0.001,1,16,40x40,PrototypicalNetwork,5,5,Egyptian,miniImageNet_SOTA_trainSet,False,10,4000,2,exp1_permuted_src_datasets
1115,4911.029582500458,1.0,1736333523.0412495,,1.6900625269045122e-05,1.0,0.001,1,16,40x40,PrototypicalNetwork,5,5,Egyptian,miniImageNet_SOTA_trainSet,False,10,4000,2,exp1_permuted_src_datasets
1116,4911.139805316925,1.0,1736333523.1514723,,1.4750988157175016e-05,1.0,0.001,1,16,40x40,PrototypicalNetwork,5,5,Egyptian,miniImageNet_SOTA_trainSet,False,10,4000,2,exp1_permuted_src_datasets
1117,4911.234145402908,1.0,1736333523.2458124,,8.766912287683226e-06,1.0,0.001,1,16,40x40,PrototypicalNetwork,5,5,Egyptian,miniImageNet_SOTA_trainSet,False,10,4000,2,exp1_permuted_src_datasets
1118,4911.327648162842,1.0,1736333523.3393152,,7.271395588759333e-06,1.0,0.001,1,16,40x40,PrototypicalNetwork,5,5,Egyptian,miniImageNet_SOTA_trainSet,False,10,4000,2,exp1_permuted_src_datasets
1119,4911.450078964233,1.0,1736333523.461746,,1.4649651348008774e-05,1.0,0.001,1,16,40x40,PrototypicalNetwork,5,5,Egyptian,miniImageNet_SOTA_trainSet,False,10,4000,2,exp1_permuted_src_datasets
1120,4911.538135290146,1.0,1736333523.5498023,,6.233001386135584e-06,1.0,0.001,1,16,40x40,PrototypicalNetwork,5,5,Egyptian,miniImageNet_SOTA_trainSet,False,10,4000,2,exp1_permuted_src_datasets
1121,4911.651895999908,1.0,1736333523.663563,,1.5932646419969387e-05,1.0,0.001,1,16,40x40,PrototypicalNetwork,5,5,Egyptian,miniImageNet_SOTA_trainSet,False,10,4000,2,exp1_permuted_src_datasets
1122,4911.741531133652,1.0,1736333523.7531981,,1.9754241293412633e-05,1.0,0.001,1,16,40x40,PrototypicalNetwork,5,5,Egyptian,miniImageNet_SOTA_trainSet,False,10,4000,2,exp1_permuted_src_datasets
1123,4911.831572771072,1.0,1736333523.8432398,,1.2252565284143202e-05,1.0,0.001,1,16,40x40,PrototypicalNetwork,5,5,Egyptian,miniImageNet_SOTA_trainSet,False,10,4000,2,exp1_permuted_src_datasets
1124,4911.945622682571,1.0,1736333523.9572897,,2.5295797968283296e-05,1.0,0.001,1,16,40x40,PrototypicalNetwork,5,5,Egyptian,miniImageNet_SOTA_trainSet,False,10,4000,2,exp1_permuted_src_datasets
1125,4912.03616476059,1.0,1736333524.0478318,,1.4039239431440365e-05,1.0,0.001,1,16,40x40,PrototypicalNetwork,5,5,Egyptian,miniImageNet_SOTA_trainSet,False,10,4000,2,exp1_permuted_src_datasets
1126,4912.152981996536,1.0,1736333524.164649,,1.0968296919600107e-05,1.0,0.001,1,16,40x40,PrototypicalNetwork,5,5,Egyptian,miniImageNet_SOTA_trainSet,False,10,4000,2,exp1_permuted_src_datasets
1127,4912.251993179321,1.0,1736333524.2636602,,1.1989874110440724e-05,1.0,0.001,1,16,40x40,PrototypicalNetwork,5,5,Egyptian,miniImageNet_SOTA_trainSet,False,10,4000,2,exp1_permuted_src_datasets
1128,4912.34063076973,1.0,1736333524.3522978,,1.2383735338516999e-05,1.0,0.001,1,16,40x40,PrototypicalNetwork,5,5,Egyptian,miniImageNet_SOTA_trainSet,False,10,4000,2,exp1_permuted_src_datasets
1129,4912.437718153,1.0,1736333524.4493852,,2.1084666514070705e-05,1.0,0.001,1,16,40x40,PrototypicalNetwork,5,5,Egyptian,miniImageNet_SOTA_trainSet,False,10,4000,2,exp1_permuted_src_datasets
1130,4912.522246360779,1.0,1736333524.5339134,,9.226398105965927e-06,1.0,0.001,1,16,40x40,PrototypicalNetwork,5,5,Egyptian,miniImageNet_SOTA_trainSet,False,10,4000,2,exp1_permuted_src_datasets
1131,4912.617890119553,1.0,1736333524.6295571,,3.771432147914311e-06,1.0,0.001,1,16,40x40,PrototypicalNetwork,5,5,Egyptian,miniImageNet_SOTA_trainSet,False,10,4000,2,exp1_permuted_src_datasets
1132,4912.702173471451,1.0,1736333524.7138405,,1.4784231098019518e-05,1.0,0.001,1,16,40x40,PrototypicalNetwork,5,5,Egyptian,miniImageNet_SOTA_trainSet,False,10,4000,2,exp1_permuted_src_datasets
1133,4912.7903072834015,1.0,1736333524.8019743,,9.208461051457562e-06,1.0,0.001,1,16,40x40,PrototypicalNetwork,5,5,Egyptian,miniImageNet_SOTA_trainSet,False,10,4000,2,exp1_permuted_src_datasets
1134,4912.9174721241,1.0,1736333524.9291391,,9.327525731350761e-06,1.0,0.001,1,16,40x40,PrototypicalNetwork,5,5,Egyptian,miniImageNet_SOTA_trainSet,False,10,4000,2,exp1_permuted_src_datasets
1135,4913.013414382935,1.0,1736333525.0250814,,7.788568836986087e-06,1.0,0.001,1,16,40x40,PrototypicalNetwork,5,5,Egyptian,miniImageNet_SOTA_trainSet,False,10,4000,2,exp1_permuted_src_datasets
1136,4913.112244606018,1.0,1736333525.1239116,,1.2116453945054673e-05,1.0,0.001,1,16,40x40,PrototypicalNetwork,5,5,Egyptian,miniImageNet_SOTA_trainSet,False,10,4000,2,exp1_permuted_src_datasets
1137,5161.492356777191,1.0,1736333773.5040238,0.8705999994277954,,,0.001,1,16,40x40,PrototypicalNetwork,5,5,Egyptian,miniImageNet_SOTA_trainSet,False,10,4000,2,exp1_permuted_src_datasets
1138,5161.569500207901,1.0,1736333773.5811672,,1.5296331184799783e-05,1.0,0.001,1,16,40x40,PrototypicalNetwork,5,5,Egyptian,miniImageNet_SOTA_trainSet,False,10,4000,2,exp1_permuted_src_datasets
1139,5161.684209346771,1.0,1736333773.6958764,,1.8337328583584167e-05,1.0,0.001,1,16,40x40,PrototypicalNetwork,5,5,Egyptian,miniImageNet_SOTA_trainSet,False,10,4000,2,exp1_permuted_src_datasets
1140,5161.789348125458,1.0,1736333773.8010151,,1.4924889910616912e-05,1.0,0.001,1,16,40x40,PrototypicalNetwork,5,5,Egyptian,miniImageNet_SOTA_trainSet,False,10,4000,2,exp1_permuted_src_datasets
1141,5161.880330085754,1.0,1736333773.891997,,1.7862021195469424e-05,1.0,0.001,1,16,40x40,PrototypicalNetwork,5,5,Egyptian,miniImageNet_SOTA_trainSet,False,10,4000,2,exp1_permuted_src_datasets
1142,5161.996971845627,1.0,1736333774.0086389,,3.0115837944322266e-05,1.0,0.001,1,16,40x40,PrototypicalNetwork,5,5,Egyptian,miniImageNet_SOTA_trainSet,False,10,4000,2,exp1_permuted_src_datasets
1143,5162.108021020889,1.0,1736333774.119688,,1.0883361028390937e-05,1.0,0.001,1,16,40x40,PrototypicalNetwork,5,5,Egyptian,miniImageNet_SOTA_trainSet,False,10,4000,2,exp1_permuted_src_datasets
1144,5162.2039585113525,1.0,1736333774.2156255,,6.690280315524433e-06,1.0,0.001,1,16,40x40,PrototypicalNetwork,5,5,Egyptian,miniImageNet_SOTA_trainSet,False,10,4000,2,exp1_permuted_src_datasets
1145,5162.29437661171,1.0,1736333774.3060436,,7.566601652797544e-06,1.0,0.001,1,16,40x40,PrototypicalNetwork,5,5,Egyptian,miniImageNet_SOTA_trainSet,False,10,4000,2,exp1_permuted_src_datasets
1146,5162.411590576172,1.0,1736333774.4232576,,9.554833013680764e-06,1.0,0.001,1,16,40x40,PrototypicalNetwork,5,5,Egyptian,miniImageNet_SOTA_trainSet,False,10,4000,2,exp1_permuted_src_datasets
1147,5162.503346204758,1.0,1736333774.5150132,,1.2630855962925125e-05,1.0,0.001,1,16,40x40,PrototypicalNetwork,5,5,Egyptian,miniImageNet_SOTA_trainSet,False,10,4000,2,exp1_permuted_src_datasets
1148,5162.585909366608,1.0,1736333774.5975764,,2.0645595213864e-05,1.0,0.001,1,16,40x40,PrototypicalNetwork,5,5,Egyptian,miniImageNet_SOTA_trainSet,False,10,4000,2,exp1_permuted_src_datasets
1149,5162.670033931732,1.0,1736333774.681701,,1.435644480807241e-05,1.0,0.001,1,16,40x40,PrototypicalNetwork,5,5,Egyptian,miniImageNet_SOTA_trainSet,False,10,4000,2,exp1_permuted_src_datasets
1150,5162.760440826416,1.0,1736333774.7721078,,1.753976903273724e-05,1.0,0.001,1,16,40x40,PrototypicalNetwork,5,5,Egyptian,miniImageNet_SOTA_trainSet,False,10,4000,2,exp1_permuted_src_datasets
1151,5162.867394447327,1.0,1736333774.8790615,,6.665088676527375e-06,1.0,0.001,1,16,40x40,PrototypicalNetwork,5,5,Egyptian,miniImageNet_SOTA_trainSet,False,10,4000,2,exp1_permuted_src_datasets
1152,5162.994568347931,1.0,1736333775.0062354,,1.2776751646015327e-05,1.0,0.001,1,16,40x40,PrototypicalNetwork,5,5,Egyptian,miniImageNet_SOTA_trainSet,False,10,4000,2,exp1_permuted_src_datasets
1153,5163.088046073914,1.0,1736333775.099713,,1.7815407773014158e-05,1.0,0.001,1,16,40x40,PrototypicalNetwork,5,5,Egyptian,miniImageNet_SOTA_trainSet,False,10,4000,2,exp1_permuted_src_datasets
1154,5163.174179553986,1.0,1736333775.1858466,,1.4302771887741983e-05,1.0,0.001,1,16,40x40,PrototypicalNetwork,5,5,Egyptian,miniImageNet_SOTA_trainSet,False,10,4000,2,exp1_permuted_src_datasets
1155,5163.266934156418,1.0,1736333775.2786012,,8.283100214612205e-06,1.0,0.001,1,16,40x40,PrototypicalNetwork,5,5,Egyptian,miniImageNet_SOTA_trainSet,False,10,4000,2,exp1_permuted_src_datasets
1156,5163.3538863658905,1.0,1736333775.3655534,,0.0002405923733022064,1.0,0.001,1,16,40x40,PrototypicalNetwork,5,5,Egyptian,miniImageNet_SOTA_trainSet,False,10,4000,2,exp1_permuted_src_datasets
1157,5163.440910816193,1.0,1736333775.4525778,,2.14428855542792e-05,1.0,0.001,1,16,40x40,PrototypicalNetwork,5,5,Egyptian,miniImageNet_SOTA_trainSet,False,10,4000,2,exp1_permuted_src_datasets
1158,5163.537323713303,1.0,1736333775.5489907,,1.2648920346691739e-05,1.0,0.001,1,16,40x40,PrototypicalNetwork,5,5,Egyptian,miniImageNet_SOTA_trainSet,False,10,4000,2,exp1_permuted_src_datasets
1159,5163.622319221497,1.0,1736333775.6339862,,3.261806341470219e-06,1.0,0.001,1,16,40x40,PrototypicalNetwork,5,5,Egyptian,miniImageNet_SOTA_trainSet,False,10,4000,2,exp1_permuted_src_datasets
1160,5163.715103149414,1.0,1736333775.7267702,,1.0570461199677084e-05,1.0,0.001,1,16,40x40,PrototypicalNetwork,5,5,Egyptian,miniImageNet_SOTA_trainSet,False,10,4000,2,exp1_permuted_src_datasets
1161,5163.8081703186035,1.0,1736333775.8198373,,1.0102517080667894e-05,1.0,0.001,1,16,40x40,PrototypicalNetwork,5,5,Egyptian,miniImageNet_SOTA_trainSet,False,10,4000,2,exp1_permuted_src_datasets
1162,5163.897904157639,1.0,1736333775.9095712,,1.3618655430036597e-05,1.0,0.001,1,16,40x40,PrototypicalNetwork,5,5,Egyptian,miniImageNet_SOTA_trainSet,False,10,4000,2,exp1_permuted_src_datasets
1163,5164.015245676041,1.0,1736333776.0269127,,8.941826308728196e-06,1.0,0.001,1,16,40x40,PrototypicalNetwork,5,5,Egyptian,miniImageNet_SOTA_trainSet,False,10,4000,2,exp1_permuted_src_datasets
1164,5164.121241807938,1.0,1736333776.1329088,,1.4642828318756074e-05,1.0,0.001,1,16,40x40,PrototypicalNetwork,5,5,Egyptian,miniImageNet_SOTA_trainSet,False,10,4000,2,exp1_permuted_src_datasets
1165,5164.221532821655,1.0,1736333776.2331998,,8.689664355188143e-06,1.0,0.001,1,16,40x40,PrototypicalNetwork,5,5,Egyptian,miniImageNet_SOTA_trainSet,False,10,4000,2,exp1_permuted_src_datasets
1166,5164.3102440834045,1.0,1736333776.321911,,1.184431130241137e-05,1.0,0.001,1,16,40x40,PrototypicalNetwork,5,5,Egyptian,miniImageNet_SOTA_trainSet,False,10,4000,2,exp1_permuted_src_datasets
1167,5164.408702850342,1.0,1736333776.4203699,,9.60940269578714e-06,1.0,0.001,1,16,40x40,PrototypicalNetwork,5,5,Egyptian,miniImageNet_SOTA_trainSet,False,10,4000,2,exp1_permuted_src_datasets
1168,5164.49884223938,1.0,1736333776.5105093,,5.823213541589212e-06,1.0,0.001,1,16,40x40,PrototypicalNetwork,5,5,Egyptian,miniImageNet_SOTA_trainSet,False,10,4000,2,exp1_permuted_src_datasets
1169,5164.597671985626,1.0,1736333776.609339,,1.585529935255181e-05,1.0,0.001,1,16,40x40,PrototypicalNetwork,5,5,Egyptian,miniImageNet_SOTA_trainSet,False,10,4000,2,exp1_permuted_src_datasets
1170,5164.681030035019,1.0,1736333776.692697,,9.280128324462567e-06,1.0,0.001,1,16,40x40,PrototypicalNetwork,5,5,Egyptian,miniImageNet_SOTA_trainSet,False,10,4000,2,exp1_permuted_src_datasets
1171,5164.7893006801605,1.0,1736333776.8009677,,9.72405632637674e-06,1.0,0.001,1,16,40x40,PrototypicalNetwork,5,5,Egyptian,miniImageNet_SOTA_trainSet,False,10,4000,2,exp1_permuted_src_datasets
1172,5164.883347272873,1.0,1736333776.8950143,,9.139918802247848e-06,1.0,0.001,1,16,40x40,PrototypicalNetwork,5,5,Egyptian,miniImageNet_SOTA_trainSet,False,10,4000,2,exp1_permuted_src_datasets
1173,5164.988780498505,1.0,1736333777.0004475,,9.186159331875388e-06,1.0,0.001,1,16,40x40,PrototypicalNetwork,5,5,Egyptian,miniImageNet_SOTA_trainSet,False,10,4000,2,exp1_permuted_src_datasets
1174,5165.087163925171,1.0,1736333777.098831,,6.156898507470032e-06,1.0,0.001,1,16,40x40,PrototypicalNetwork,5,5,Egyptian,miniImageNet_SOTA_trainSet,False,10,4000,2,exp1_permuted_src_datasets
1175,5165.184632301331,1.0,1736333777.1962993,,1.5889421774772927e-05,1.0,0.001,1,16,40x40,PrototypicalNetwork,5,5,Egyptian,miniImageNet_SOTA_trainSet,False,10,4000,2,exp1_permuted_src_datasets
1176,5165.29489159584,1.0,1736333777.3065586,,1.098441134672612e-05,1.0,0.001,1,16,40x40,PrototypicalNetwork,5,5,Egyptian,miniImageNet_SOTA_trainSet,False,10,4000,2,exp1_permuted_src_datasets
1177,5165.3991532325745,1.0,1736333777.4108202,,2.0533945644274354e-05,1.0,0.001,1,16,40x40,PrototypicalNetwork,5,5,Egyptian,miniImageNet_SOTA_trainSet,False,10,4000,2,exp1_permuted_src_datasets
1178,5165.502781152725,1.0,1736333777.5144482,,9.73282840277534e-06,1.0,0.001,1,16,40x40,PrototypicalNetwork,5,5,Egyptian,miniImageNet_SOTA_trainSet,False,10,4000,2,exp1_permuted_src_datasets
1179,5165.607727050781,1.0,1736333777.619394,,5.614594101643888e-06,1.0,0.001,1,16,40x40,PrototypicalNetwork,5,5,Egyptian,miniImageNet_SOTA_trainSet,False,10,4000,2,exp1_permuted_src_datasets
1180,5165.700738668442,1.0,1736333777.7124057,,1.3298136764205992e-05,1.0,0.001,1,16,40x40,PrototypicalNetwork,5,5,Egyptian,miniImageNet_SOTA_trainSet,False,10,4000,2,exp1_permuted_src_datasets
1181,5165.795287847519,1.0,1736333777.8069549,,1.3128024875186384e-05,1.0,0.001,1,16,40x40,PrototypicalNetwork,5,5,Egyptian,miniImageNet_SOTA_trainSet,False,10,4000,2,exp1_permuted_src_datasets
1182,5165.877042770386,1.0,1736333777.8887098,,7.2700154305493925e-06,1.0,0.001,1,16,40x40,PrototypicalNetwork,5,5,Egyptian,miniImageNet_SOTA_trainSet,False,10,4000,2,exp1_permuted_src_datasets
1183,5165.962841272354,1.0,1736333777.9745083,,1.0202167686657049e-05,1.0,0.001,1,16,40x40,PrototypicalNetwork,5,5,Egyptian,miniImageNet_SOTA_trainSet,False,10,4000,2,exp1_permuted_src_datasets
1184,5166.049628019333,1.0,1736333778.061295,,2.106779720634222e-05,1.0,0.001,1,16,40x40,PrototypicalNetwork,5,5,Egyptian,miniImageNet_SOTA_trainSet,False,10,4000,2,exp1_permuted_src_datasets
1185,5166.143912315369,1.0,1736333778.1555793,,7.060025382088497e-06,1.0,0.001,1,16,40x40,PrototypicalNetwork,5,5,Egyptian,miniImageNet_SOTA_trainSet,False,10,4000,2,exp1_permuted_src_datasets
1186,5166.236503124237,1.0,1736333778.2481701,,1.4307379387901165e-05,1.0,0.001,1,16,40x40,PrototypicalNetwork,5,5,Egyptian,miniImageNet_SOTA_trainSet,False,10,4000,2,exp1_permuted_src_datasets
1187,5166.324301958084,1.0,1736333778.335969,,8.684410568093881e-05,1.0,0.001,1,16,40x40,PrototypicalNetwork,5,5,Egyptian,miniImageNet_SOTA_trainSet,False,10,4000,2,exp1_permuted_src_datasets
1188,5166.408497095108,1.0,1736333778.420164,,9.952131222235039e-06,1.0,0.001,1,16,40x40,PrototypicalNetwork,5,5,Egyptian,miniImageNet_SOTA_trainSet,False,10,4000,2,exp1_permuted_src_datasets
1189,5166.501883983612,1.0,1736333778.513551,,1.0449693036207464e-05,1.0,0.001,1,16,40x40,PrototypicalNetwork,5,5,Egyptian,miniImageNet_SOTA_trainSet,False,10,4000,2,exp1_permuted_src_datasets
1190,5166.589948654175,1.0,1736333778.6016157,,1.2684523426287342e-05,1.0,0.001,1,16,40x40,PrototypicalNetwork,5,5,Egyptian,miniImageNet_SOTA_trainSet,False,10,4000,2,exp1_permuted_src_datasets
1191,5166.676038742065,1.0,1736333778.6877058,,7.898352123447694e-06,1.0,0.001,1,16,40x40,PrototypicalNetwork,5,5,Egyptian,miniImageNet_SOTA_trainSet,False,10,4000,2,exp1_permuted_src_datasets
1192,5166.771661758423,1.0,1736333778.7833288,,1.5438070477102883e-05,1.0,0.001,1,16,40x40,PrototypicalNetwork,5,5,Egyptian,miniImageNet_SOTA_trainSet,False,10,4000,2,exp1_permuted_src_datasets
1193,5166.875368833542,1.0,1736333778.8870358,,9.171353667625226e-06,1.0,0.001,1,16,40x40,PrototypicalNetwork,5,5,Egyptian,miniImageNet_SOTA_trainSet,False,10,4000,2,exp1_permuted_src_datasets
1194,5166.969269037247,1.0,1736333778.980936,,5.128787506691879e-06,1.0,0.001,1,16,40x40,PrototypicalNetwork,5,5,Egyptian,miniImageNet_SOTA_trainSet,False,10,4000,2,exp1_permuted_src_datasets
1195,5167.06357717514,1.0,1736333779.0752442,,7.787095455569215e-06,1.0,0.001,1,16,40x40,PrototypicalNetwork,5,5,Egyptian,miniImageNet_SOTA_trainSet,False,10,4000,2,exp1_permuted_src_datasets
1196,5167.147945642471,1.0,1736333779.1596127,,6.145111456135055e-06,1.0,0.001,1,16,40x40,PrototypicalNetwork,5,5,Egyptian,miniImageNet_SOTA_trainSet,False,10,4000,2,exp1_permuted_src_datasets
1197,5167.281826972961,1.0,1736333779.293494,,5.087090357847046e-06,1.0,0.001,1,16,40x40,PrototypicalNetwork,5,5,Egyptian,miniImageNet_SOTA_trainSet,False,10,4000,2,exp1_permuted_src_datasets
1198,5167.373419761658,1.0,1736333779.3850868,,1.2194384908070788e-05,1.0,0.001,1,16,40x40,PrototypicalNetwork,5,5,Egyptian,miniImageNet_SOTA_trainSet,False,10,4000,2,exp1_permuted_src_datasets
1199,5167.459994792938,1.0,1736333779.4716618,,6.350711373670492e-06,1.0,0.001,1,16,40x40,PrototypicalNetwork,5,5,Egyptian,miniImageNet_SOTA_trainSet,False,10,4000,2,exp1_permuted_src_datasets
1200,5417.637088537216,1.0,1736334029.6487556,0.8679500000476837,,,0.001,1,16,40x40,PrototypicalNetwork,5,5,Egyptian,miniImageNet_SOTA_trainSet,False,10,4000,2,exp1_permuted_src_datasets
1201,5417.707274436951,1.0,1736334029.7189415,,9.62131434789626e-06,1.0,0.001,1,16,40x40,PrototypicalNetwork,5,5,Egyptian,miniImageNet_SOTA_trainSet,False,10,4000,2,exp1_permuted_src_datasets
1202,5417.796637296677,1.0,1736334029.8083043,,1.433251327398466e-05,1.0,0.001,1,16,40x40,PrototypicalNetwork,5,5,Egyptian,miniImageNet_SOTA_trainSet,False,10,4000,2,exp1_permuted_src_datasets
1203,5417.8848259449005,1.0,1736334029.896493,,1.8533059119363315e-05,1.0,0.001,1,16,40x40,PrototypicalNetwork,5,5,Egyptian,miniImageNet_SOTA_trainSet,False,10,4000,2,exp1_permuted_src_datasets
1204,5417.971901655197,1.0,1736334029.9835687,,7.0405826591013465e-06,1.0,0.001,1,16,40x40,PrototypicalNetwork,5,5,Egyptian,miniImageNet_SOTA_trainSet,False,10,4000,2,exp1_permuted_src_datasets
1205,5418.060262918472,1.0,1736334030.07193,,1.0498735719011165e-05,1.0,0.001,1,16,40x40,PrototypicalNetwork,5,5,Egyptian,miniImageNet_SOTA_trainSet,False,10,4000,2,exp1_permuted_src_datasets
1206,5418.146324634552,1.0,1736334030.1579916,,7.897337127360515e-06,1.0,0.001,1,16,40x40,PrototypicalNetwork,5,5,Egyptian,miniImageNet_SOTA_trainSet,False,10,4000,2,exp1_permuted_src_datasets
1207,5418.238009691238,1.0,1736334030.2496767,,8.826727025734726e-06,1.0,0.001,1,16,40x40,PrototypicalNetwork,5,5,Egyptian,miniImageNet_SOTA_trainSet,False,10,4000,2,exp1_permuted_src_datasets
1208,5418.322179317474,1.0,1736334030.3338463,,1.2015949323540553e-05,1.0,0.001,1,16,40x40,PrototypicalNetwork,5,5,Egyptian,miniImageNet_SOTA_trainSet,False,10,4000,2,exp1_permuted_src_datasets
1209,5418.4120988845825,1.0,1736334030.423766,,1.0175481293117628e-05,1.0,0.001,1,16,40x40,PrototypicalNetwork,5,5,Egyptian,miniImageNet_SOTA_trainSet,False,10,4000,2,exp1_permuted_src_datasets
1210,5418.524201154709,1.0,1736334030.5358682,,1.2051042176608462e-05,1.0,0.001,1,16,40x40,PrototypicalNetwork,5,5,Egyptian,miniImageNet_SOTA_trainSet,False,10,4000,2,exp1_permuted_src_datasets
1211,5418.648331403732,1.0,1736334030.6599984,,8.321852874360047e-06,1.0,0.001,1,16,40x40,PrototypicalNetwork,5,5,Egyptian,miniImageNet_SOTA_trainSet,False,10,4000,2,exp1_permuted_src_datasets
1212,5418.770092964172,1.0,1736334030.78176,,9.563229468767531e-06,1.0,0.001,1,16,40x40,PrototypicalNetwork,5,5,Egyptian,miniImageNet_SOTA_trainSet,False,10,4000,2,exp1_permuted_src_datasets
1213,5418.859906673431,1.0,1736334030.8715737,,1.5598447134834714e-05,1.0,0.001,1,16,40x40,PrototypicalNetwork,5,5,Egyptian,miniImageNet_SOTA_trainSet,False,10,4000,2,exp1_permuted_src_datasets
1214,5418.9462196826935,1.0,1736334030.9578867,,1.0883382856263779e-05,1.0,0.001,1,16,40x40,PrototypicalNetwork,5,5,Egyptian,miniImageNet_SOTA_trainSet,False,10,4000,2,exp1_permuted_src_datasets
1215,5419.043875694275,1.0,1736334031.0555427,,9.55560608417727e-06,1.0,0.001,1,16,40x40,PrototypicalNetwork,5,5,Egyptian,miniImageNet_SOTA_trainSet,False,10,4000,2,exp1_permuted_src_datasets
1216,5419.157019615173,1.0,1736334031.1686866,,2.241885886178352e-05,1.0,0.001,1,16,40x40,PrototypicalNetwork,5,5,Egyptian,miniImageNet_SOTA_trainSet,False,10,4000,2,exp1_permuted_src_datasets
1217,5419.242151498795,1.0,1736334031.2538185,,7.767759598209523e-06,1.0,0.001,1,16,40x40,PrototypicalNetwork,5,5,Egyptian,miniImageNet_SOTA_trainSet,False,10,4000,2,exp1_permuted_src_datasets
1218,5419.351093292236,1.0,1736334031.3627603,,8.534989319741726e-06,1.0,0.001,1,16,40x40,PrototypicalNetwork,5,5,Egyptian,miniImageNet_SOTA_trainSet,False,10,4000,2,exp1_permuted_src_datasets
1219,5419.445384979248,1.0,1736334031.457052,,2.1580886823358014e-05,1.0,0.001,1,16,40x40,PrototypicalNetwork,5,5,Egyptian,miniImageNet_SOTA_trainSet,False,10,4000,2,exp1_permuted_src_datasets
1220,5419.546009063721,1.0,1736334031.557676,,8.639142833999358e-06,1.0,0.001,1,16,40x40,PrototypicalNetwork,5,5,Egyptian,miniImageNet_SOTA_trainSet,False,10,4000,2,exp1_permuted_src_datasets
1221,5419.647598981857,1.0,1736334031.659266,,1.2565142242237926e-05,1.0,0.001,1,16,40x40,PrototypicalNetwork,5,5,Egyptian,miniImageNet_SOTA_trainSet,False,10,4000,2,exp1_permuted_src_datasets
1222,5419.752963542938,1.0,1736334031.7646306,,8.457423064101022e-06,1.0,0.001,1,16,40x40,PrototypicalNetwork,5,5,Egyptian,miniImageNet_SOTA_trainSet,False,10,4000,2,exp1_permuted_src_datasets
1223,5419.849726438522,1.0,1736334031.8613935,,1.2377371604088694e-05,1.0,0.001,1,16,40x40,PrototypicalNetwork,5,5,Egyptian,miniImageNet_SOTA_trainSet,False,10,4000,2,exp1_permuted_src_datasets
1224,5419.959819555283,1.0,1736334031.9714866,,1.2229957974341232e-05,1.0,0.001,1,16,40x40,PrototypicalNetwork,5,5,Egyptian,miniImageNet_SOTA_trainSet,False,10,4000,2,exp1_permuted_src_datasets
1225,5420.059992313385,1.0,1736334032.0716593,,4.005736263934523e-05,1.0,0.001,1,16,40x40,PrototypicalNetwork,5,5,Egyptian,miniImageNet_SOTA_trainSet,False,10,4000,2,exp1_permuted_src_datasets
1226,5420.147083044052,1.0,1736334032.15875,,1.7795318854041398e-05,1.0,0.001,1,16,40x40,PrototypicalNetwork,5,5,Egyptian,miniImageNet_SOTA_trainSet,False,10,4000,2,exp1_permuted_src_datasets
1227,5420.254365682602,1.0,1736334032.2660327,,8.38756295706844e-06,1.0,0.001,1,16,40x40,PrototypicalNetwork,5,5,Egyptian,miniImageNet_SOTA_trainSet,False,10,4000,2,exp1_permuted_src_datasets
1228,5420.358547449112,1.0,1736334032.3702145,,2.2756828911951743e-05,1.0,0.001,1,16,40x40,PrototypicalNetwork,5,5,Egyptian,miniImageNet_SOTA_trainSet,False,10,4000,2,exp1_permuted_src_datasets
1229,5420.457696676254,1.0,1736334032.4693637,,1.0860917427635286e-05,1.0,0.001,1,16,40x40,PrototypicalNetwork,5,5,Egyptian,miniImageNet_SOTA_trainSet,False,10,4000,2,exp1_permuted_src_datasets
1230,5420.561771631241,1.0,1736334032.5734386,,7.235738848976325e-06,1.0,0.001,1,16,40x40,PrototypicalNetwork,5,5,Egyptian,miniImageNet_SOTA_trainSet,False,10,4000,2,exp1_permuted_src_datasets
1231,5420.682445526123,1.0,1736334032.6941125,,4.002347395726247e-06,1.0,0.001,1,16,40x40,PrototypicalNetwork,5,5,Egyptian,miniImageNet_SOTA_trainSet,False,10,4000,2,exp1_permuted_src_datasets
1232,5420.77163028717,1.0,1736334032.7832973,,6.453480636992026e-06,1.0,0.001,1,16,40x40,PrototypicalNetwork,5,5,Egyptian,miniImageNet_SOTA_trainSet,False,10,4000,2,exp1_permuted_src_datasets
1233,5420.875207662582,1.0,1736334032.8868747,,4.343567525211256e-06,1.0,0.001,1,16,40x40,PrototypicalNetwork,5,5,Egyptian,miniImageNet_SOTA_trainSet,False,10,4000,2,exp1_permuted_src_datasets
1234,5420.969267129898,1.0,1736334032.9809341,,1.828608219511807e-05,1.0,0.001,1,16,40x40,PrototypicalNetwork,5,5,Egyptian,miniImageNet_SOTA_trainSet,False,10,4000,2,exp1_permuted_src_datasets
1235,5421.06072306633,1.0,1736334033.07239,,1.0051075150840916e-05,1.0,0.001,1,16,40x40,PrototypicalNetwork,5,5,Egyptian,miniImageNet_SOTA_trainSet,False,10,4000,2,exp1_permuted_src_datasets
1236,5421.1485340595245,1.0,1736334033.160201,,3.2871416806301568e-06,1.0,0.001,1,16,40x40,PrototypicalNetwork,5,5,Egyptian,miniImageNet_SOTA_trainSet,False,10,4000,2,exp1_permuted_src_datasets
1237,5421.248061656952,1.0,1736334033.2597287,,1.3481418136507273e-05,1.0,0.001,1,16,40x40,PrototypicalNetwork,5,5,Egyptian,miniImageNet_SOTA_trainSet,False,10,4000,2,exp1_permuted_src_datasets
1238,5421.33311009407,1.0,1736334033.344777,,5.179556865186896e-06,1.0,0.001,1,16,40x40,PrototypicalNetwork,5,5,Egyptian,miniImageNet_SOTA_trainSet,False,10,4000,2,exp1_permuted_src_datasets
1239,5421.436760902405,1.0,1736334033.448428,,7.424910108966287e-06,1.0,0.001,1,16,40x40,PrototypicalNetwork,5,5,Egyptian,miniImageNet_SOTA_trainSet,False,10,4000,2,exp1_permuted_src_datasets
1240,5421.544024467468,1.0,1736334033.5556915,,6.776834197808057e-06,1.0,0.001,1,16,40x40,PrototypicalNetwork,5,5,Egyptian,miniImageNet_SOTA_trainSet,False,10,4000,2,exp1_permuted_src_datasets
1241,5421.638090133667,1.0,1736334033.6497571,,6.936292720638448e-06,1.0,0.001,1,16,40x40,PrototypicalNetwork,5,5,Egyptian,miniImageNet_SOTA_trainSet,False,10,4000,2,exp1_permuted_src_datasets
1242,5421.736446380615,1.0,1736334033.7481134,,1.0436351658427157e-05,1.0,0.001,1,16,40x40,PrototypicalNetwork,5,5,Egyptian,miniImageNet_SOTA_trainSet,False,10,4000,2,exp1_permuted_src_datasets
1243,5421.832592487335,1.0,1736334033.8442595,,1.4074636055738665e-05,1.0,0.001,1,16,40x40,PrototypicalNetwork,5,5,Egyptian,miniImageNet_SOTA_trainSet,False,10,4000,2,exp1_permuted_src_datasets
1244,5421.926275014877,1.0,1736334033.937942,,1.164445529866498e-05,1.0,0.001,1,16,40x40,PrototypicalNetwork,5,5,Egyptian,miniImageNet_SOTA_trainSet,False,10,4000,2,exp1_permuted_src_datasets
1245,5422.0688099861145,1.0,1736334034.080477,,1.4556075257132761e-05,1.0,0.001,1,16,40x40,PrototypicalNetwork,5,5,Egyptian,miniImageNet_SOTA_trainSet,False,10,4000,2,exp1_permuted_src_datasets
1246,5422.1713535785675,1.0,1736334034.1830206,,7.332631412282353e-06,1.0,0.001,1,16,40x40,PrototypicalNetwork,5,5,Egyptian,miniImageNet_SOTA_trainSet,False,10,4000,2,exp1_permuted_src_datasets
1247,5422.271533489227,1.0,1736334034.2832005,,1.0218990610155743e-05,1.0,0.001,1,16,40x40,PrototypicalNetwork,5,5,Egyptian,miniImageNet_SOTA_trainSet,False,10,4000,2,exp1_permuted_src_datasets
1248,5422.358148813248,1.0,1736334034.3698158,,7.501069376303349e-06,1.0,0.001,1,16,40x40,PrototypicalNetwork,5,5,Egyptian,miniImageNet_SOTA_trainSet,False,10,4000,2,exp1_permuted_src_datasets
1249,5422.441951274872,1.0,1736334034.4536183,,6.712802132824436e-06,1.0,0.001,1,16,40x40,PrototypicalNetwork,5,5,Egyptian,miniImageNet_SOTA_trainSet,False,10,4000,2,exp1_permuted_src_datasets
1250,5422.523034334183,1.0,1736334034.5347013,,2.039709397649858e-05,1.0,0.001,1,16,40x40,PrototypicalNetwork,5,5,Egyptian,miniImageNet_SOTA_trainSet,False,10,4000,2,exp1_permuted_src_datasets
1251,5422.6250059604645,1.0,1736334034.636673,,4.4165703911858145e-06,1.0,0.001,1,16,40x40,PrototypicalNetwork,5,5,Egyptian,miniImageNet_SOTA_trainSet,False,10,4000,2,exp1_permuted_src_datasets
1252,5422.721800088882,1.0,1736334034.733467,,7.654180990357418e-06,1.0,0.001,1,16,40x40,PrototypicalNetwork,5,5,Egyptian,miniImageNet_SOTA_trainSet,False,10,4000,2,exp1_permuted_src_datasets
1253,5422.809585571289,1.0,1736334034.8212526,,2.1144523998373188e-05,1.0,0.001,1,16,40x40,PrototypicalNetwork,5,5,Egyptian,miniImageNet_SOTA_trainSet,False,10,4000,2,exp1_permuted_src_datasets
1254,5422.899023771286,1.0,1736334034.9106908,,1.3760756701231003e-05,1.0,0.001,1,16,40x40,PrototypicalNetwork,5,5,Egyptian,miniImageNet_SOTA_trainSet,False,10,4000,2,exp1_permuted_src_datasets
1255,5422.991503000259,1.0,1736334035.00317,,1.3230407603259664e-05,1.0,0.001,1,16,40x40,PrototypicalNetwork,5,5,Egyptian,miniImageNet_SOTA_trainSet,False,10,4000,2,exp1_permuted_src_datasets
1256,5423.090224981308,1.0,1736334035.101892,,6.76787885822705e-06,1.0,0.001,1,16,40x40,PrototypicalNetwork,5,5,Egyptian,miniImageNet_SOTA_trainSet,False,10,4000,2,exp1_permuted_src_datasets
1257,5423.176223993301,1.0,1736334035.187891,,6.739612672390649e-06,1.0,0.001,1,16,40x40,PrototypicalNetwork,5,5,Egyptian,miniImageNet_SOTA_trainSet,False,10,4000,2,exp1_permuted_src_datasets
1258,5423.264235019684,1.0,1736334035.275902,,6.417745225917315e-06,1.0,0.001,1,16,40x40,PrototypicalNetwork,5,5,Egyptian,miniImageNet_SOTA_trainSet,False,10,4000,2,exp1_permuted_src_datasets
1259,5423.362384080887,1.0,1736334035.374051,,1.112001064029755e-05,1.0,0.001,1,16,40x40,PrototypicalNetwork,5,5,Egyptian,miniImageNet_SOTA_trainSet,False,10,4000,2,exp1_permuted_src_datasets
1260,5423.457780838013,1.0,1736334035.4694479,,7.067261321935803e-06,1.0,0.001,1,16,40x40,PrototypicalNetwork,5,5,Egyptian,miniImageNet_SOTA_trainSet,False,10,4000,2,exp1_permuted_src_datasets
1261,5423.545652151108,1.0,1736334035.5573192,,5.610158041235991e-06,1.0,0.001,1,16,40x40,PrototypicalNetwork,5,5,Egyptian,miniImageNet_SOTA_trainSet,False,10,4000,2,exp1_permuted_src_datasets
1262,5423.646923780441,1.0,1736334035.6585908,,9.227846931025852e-06,1.0,0.001,1,16,40x40,PrototypicalNetwork,5,5,Egyptian,miniImageNet_SOTA_trainSet,False,10,4000,2,exp1_permuted_src_datasets
1263,5672.720663070679,1.0,1736334284.73233,0.8710500013828277,,,0.001,1,16,40x40,PrototypicalNetwork,5,5,Egyptian,miniImageNet_SOTA_trainSet,False,10,4000,2,exp1_permuted_src_datasets
